1.000000 0.000000 0.000000 0.000000 0.000000 1.000000 0.000000 0.000000 0.000000 0.000000 1.000000 0.000000
0.999999 -0.000691 -0.001329 0.004672 0.000697 0.999989 0.004632 -0.002971 0.001326 -0.004633 0.999988 -0.961664
0.999997 0.002323 -0.000536 -0.002487 -0.002323 0.999997 0.000830 -0.006848 0.000538 -0.000828 1.000000 -0.958027
0.999998 0.001760 0.000257 -0.003019 -0.001759 0.999990 -0.003995 -0.001347 -0.000264 0.003995 0.999992 -0.956309
0.999996 0.002570 0.000872 -0.003478 -0.002564 0.999979 -0.006033 0.005432 -0.000887 0.006030 0.999981 -0.954837
0.999991 0.003845 0.001720 -0.007037 -0.003845 0.999993 0.000036 0.000425 -0.001719 -0.000043 0.999999 -0.943940
0.999995 0.002780 0.001375 -0.005305 -0.002784 0.999992 0.002826 -0.002279 -0.001367 -0.002829 0.999995 -0.937118
0.999999 0.000768 0.001089 -0.002715 -0.000772 0.999994 0.003457 -0.003665 -0.001086 -0.003457 0.999993 -0.932052
0.999999 -0.000187 0.001025 0.000775 0.000186 1.000000 0.000576 -0.003056 -0.001025 -0.000576 0.999999 -0.931024
0.999999 -0.000270 0.001245 0.000302 0.000272 0.999998 -0.001807 -0.001247 -0.001244 0.001807 0.999998 -0.929518
1.000000 -0.000132 0.000899 0.001109 0.000135 0.999996 -0.002943 0.001327 -0.000899 0.002943 0.999995 -0.927546
0.999999 0.000366 0.001283 -0.002508 -0.000364 0.999999 -0.001437 0.000894 -0.001284 0.001436 0.999998 -0.925458
0.999998 0.001521 0.000950 -0.003701 -0.001521 0.999999 -0.000801 -0.000170 -0.000951 0.000800 0.999999 -0.921732
0.999999 0.000292 0.001167 -0.001892 -0.000292 1.000000 0.000020 0.000364 -0.001167 -0.000020 0.999999 -0.913433
1.000000 0.000503 0.000861 0.001493 -0.000504 0.999999 0.001428 -0.000751 -0.000860 -0.001428 0.999999 -0.907912
0.999999 0.000545 0.001590 0.001583 -0.000548 0.999998 0.002043 -0.003057 -0.001589 -0.002044 0.999997 -0.905515
0.999998 0.001384 0.001625 0.001193 -0.001387 0.999998 0.001336 -0.003292 -0.001623 -0.001339 0.999998 -0.903216
0.999998 -0.000324 0.001707 0.003515 0.000323 1.000000 0.000676 -0.001553 -0.001707 -0.000676 0.999998 -0.900944
0.999998 -0.001232 0.001635 0.005160 0.001231 0.999999 0.000871 -0.000576 -0.001637 -0.000869 0.999998 -0.901142
0.999998 -0.001394 0.001726 0.005211 0.001394 0.999999 0.000025 -0.001765 -0.001726 -0.000023 0.999999 -0.896345
0.999999 0.000521 0.001574 0.003003 -0.000520 1.000000 -0.000816 -0.000796 -0.001574 0.000815 0.999998 -0.893255
0.999999 -0.000482 0.001486 0.003584 0.000484 0.999999 -0.001297 0.000739 -0.001486 0.001298 0.999998 -0.885677
0.999999 -0.000343 0.001460 0.004438 0.000344 1.000000 -0.000615 0.000858 -0.001460 0.000615 0.999999 -0.884387
0.999998 0.001045 0.001730 0.000786 -0.001045 0.999999 0.000107 0.000714 -0.001729 -0.000109 0.999998 -0.878447
0.999998 0.000111 0.001906 0.000699 -0.000112 1.000000 0.000391 -0.000367 -0.001906 -0.000391 0.999998 -0.871342
0.999999 -0.000142 0.001159 0.003387 0.000142 1.000000 -0.000428 0.000009 -0.001159 0.000428 0.999999 -0.863304
0.999999 -0.000134 0.001235 0.001588 0.000136 0.999998 -0.001998 0.000737 -0.001235 0.001998 0.999997 -0.860049
0.999999 0.001096 0.000824 0.000864 -0.001093 0.999996 -0.002794 0.002489 -0.000827 0.002793 0.999996 -0.848475
1.000000 -0.000142 0.000893 0.000482 0.000144 0.999999 -0.001577 0.003121 -0.000893 0.001577 0.999998 -0.838158
0.999999 -0.000684 0.000846 0.003343 0.000683 0.999999 0.001151 0.001188 -0.000847 -0.001151 0.999999 -0.825954
0.999998 -0.001636 0.000971 0.005033 0.001634 0.999995 0.002641 -0.001538 -0.000975 -0.002639 0.999996 -0.817163
0.999999 -0.000379 0.000949 0.002244 0.000377 0.999998 0.001731 -0.002586 -0.000950 -0.001731 0.999998 -0.802416
0.999999 -0.000854 0.001093 0.004369 0.000853 1.000000 0.000367 -0.001126 -0.001093 -0.000366 0.999999 -0.791438
0.999999 0.000102 0.001277 0.003210 -0.000103 1.000000 0.000475 0.000989 -0.001277 -0.000475 0.999999 -0.784953
0.999998 -0.000286 0.002173 0.002057 0.000284 1.000000 0.000803 0.000666 -0.002173 -0.000803 0.999997 -0.777483
0.999998 -0.000208 0.002060 0.002642 0.000208 1.000000 0.000110 -0.002118 -0.002060 -0.000110 0.999998 -0.768491
0.999998 -0.000067 0.002053 0.003077 0.000069 0.999999 -0.001048 -0.003241 -0.002053 0.001049 0.999997 -0.761301
0.999998 0.000401 0.002157 0.000661 -0.000396 0.999997 -0.002280 -0.000118 -0.002158 0.002279 0.999995 -0.752263
0.999997 -0.000898 0.002217 0.000693 0.000902 0.999999 -0.001462 0.001089 -0.002216 0.001464 0.999996 -0.745729
0.999997 -0.001215 0.002170 0.001973 0.001215 0.999999 -0.000191 0.000572 -0.002169 0.000194 0.999998 -0.730995
0.999995 -0.002514 0.002150 0.002485 0.002512 0.999996 0.000855 -0.000477 -0.002152 -0.000849 0.999997 -0.717680
0.999997 -0.001664 0.002033 0.003339 0.001663 0.999998 0.000738 -0.001226 -0.002034 -0.000735 0.999998 -0.710128
0.999999 -0.000208 0.001719 0.003051 0.000210 0.999999 -0.001116 -0.000740 -0.001719 0.001116 0.999998 -0.699239
0.999998 -0.001231 0.001343 0.001823 0.001234 0.999998 -0.001822 -0.000044 -0.001341 0.001823 0.999997 -0.691719
0.999996 -0.002855 0.000308 0.003470 0.002856 0.999996 -0.000571 0.002721 -0.000306 0.000572 1.000000 -0.680973
0.999994 -0.003254 -0.000879 0.005064 0.003256 0.999993 0.002072 0.001600 0.000873 -0.002075 0.999997 -0.665844
0.999997 -0.001775 -0.001432 0.000922 0.001780 0.999993 0.003219 -0.003588 0.001426 -0.003222 0.999994 -0.653702
0.999998 -0.000617 -0.001941 -0.000229 0.000621 0.999998 0.001907 -0.005089 0.001939 -0.001908 0.999996 -0.645543
0.999995 -0.001082 -0.002888 0.000490 0.001080 0.999999 -0.000792 -0.003309 0.002889 0.000789 0.999996 -0.642013
0.999985 -0.004629 -0.002896 0.003765 0.004621 0.999986 -0.002743 0.001292 0.002908 0.002730 0.999992 -0.635383
0.999986 -0.004151 -0.003413 0.002835 0.004139 0.999985 -0.003596 0.003730 0.003427 0.003582 0.999988 -0.626152
0.999980 -0.004993 -0.004003 0.003631 0.004989 0.999987 -0.001017 0.001396 0.004008 0.000997 0.999991 -0.606023
0.999980 -0.003751 -0.005073 0.002205 0.003750 0.999993 -0.000324 -0.001094 0.005074 0.000305 0.999987 -0.587736
0.999978 -0.003698 -0.005473 0.000834 0.003686 0.999991 -0.002107 -0.000388 0.005481 0.002087 0.999983 -0.573702
0.999969 -0.004743 -0.006274 0.003529 0.004734 0.999988 -0.001406 0.002530 0.006281 0.001376 0.999979 -0.553237
0.999971 -0.003302 -0.006886 0.002389 0.003303 0.999995 0.000125 0.003218 0.006886 -0.000147 0.999976 -0.532077
0.999969 -0.003436 -0.007109 0.002188 0.003434 0.999994 -0.000417 0.004514 0.007110 0.000392 0.999975 -0.510877
0.999963 -0.004474 -0.007394 0.002641 0.004475 0.999990 0.000101 0.001874 0.007394 -0.000134 0.999973 -0.487539
0.999962 -0.004366 -0.007583 0.003248 0.004384 0.999988 0.002350 0.000387 0.007572 -0.002383 0.999968 -0.465032
0.999966 -0.001930 -0.008026 -0.000751 0.001952 0.999994 0.002696 -0.000165 0.008021 -0.002711 0.999964 -0.441369
0.999970 -0.000625 -0.007742 -0.003060 0.000624 1.000000 -0.000153 -0.000861 0.007742 0.000148 0.999970 -0.424172
0.999970 0.000361 -0.007776 -0.005816 -0.000375 0.999998 -0.001792 -0.000870 0.007775 0.001795 0.999968 -0.401306
0.999966 -0.002070 -0.007962 -0.000858 0.002061 0.999997 -0.001141 -0.001445 0.007965 0.001125 0.999968 -0.371381
0.999956 -0.003389 -0.008705 0.000709 0.003384 0.999994 -0.000581 -0.002901 0.008707 0.000551 0.999962 -0.351323
0.999952 -0.004993 -0.008471 -0.006993 0.004994 0.999988 0.000176 -0.004543 0.008470 -0.000218 0.999964 -0.334381
0.999953 -0.003986 -0.008864 -0.003489 0.003981 0.999992 -0.000490 -0.003038 0.008866 0.000454 0.999961 -0.308418
0.999960 0.000476 -0.008894 -0.017817 -0.000486 0.999999 -0.001126 -0.001582 0.008893 0.001130 0.999960 -0.286650
0.999937 0.001260 -0.011193 0.006400 -0.001248 0.999999 0.001082 0.003353 0.011194 -0.001068 0.999937 -0.269615
0.999564 0.001902 -0.029453 0.734704 -0.001784 0.999990 0.004044 0.006047 0.029461 -0.003990 0.999558 -0.937892
0.999601 0.000767 -0.028252 0.638214 -0.000599 0.999982 0.005953 -0.088646 0.028256 -0.005933 0.999583 -0.859437
0.999872 -0.001434 -0.015907 0.002645 0.001454 0.999998 0.001247 -0.001490 0.015905 -0.001270 0.999873 -0.273239
0.999859 -0.001605 -0.016706 0.003216 0.001609 0.999999 0.000261 -0.000016 0.016705 -0.000288 0.999860 -0.278377
0.999850 -0.000458 -0.017330 -0.003440 0.000460 1.000000 0.000106 -0.000943 0.017330 -0.000114 0.999850 -0.265617
0.999825 0.001004 -0.018660 -0.001054 -0.001001 0.999999 0.000142 -0.004680 0.018660 -0.000123 0.999826 -0.273785
0.999805 0.001008 -0.019735 -0.011638 -0.001023 0.999999 -0.000743 -0.005355 0.019734 0.000763 0.999805 -0.265865
0.999780 -0.000148 -0.020978 -0.001588 0.000152 1.000000 0.000168 -0.006582 0.020978 -0.000172 0.999780 -0.275615
0.999755 -0.001832 -0.022037 -0.002523 0.001854 0.999998 0.000992 -0.006058 0.022035 -0.001033 0.999757 -0.272347
0.999718 -0.001126 -0.023719 -0.009020 0.001144 0.999999 0.000723 -0.005375 0.023719 -0.000750 0.999718 -0.269729
0.999674 -0.001381 -0.025484 -0.015360 0.001370 0.999999 -0.000472 -0.002731 0.025485 0.000437 0.999675 -0.267912
0.999630 -0.003338 -0.027002 -0.015934 0.003313 0.999994 -0.000965 0.000212 0.027005 0.000875 0.999635 -0.263658
0.999578 -0.002597 -0.028944 -0.019144 0.002572 0.999996 -0.000917 -0.000122 0.028946 0.000842 0.999581 -0.267584
0.999529 -0.001149 -0.030676 -0.019123 0.001123 0.999999 -0.000855 0.001383 0.030677 0.000820 0.999529 -0.268042
0.999466 0.001914 -0.032628 -0.032439 -0.001922 0.999998 -0.000198 0.001495 0.032628 0.000261 0.999468 -0.263052
0.999356 0.003132 -0.035758 -0.032742 -0.003124 0.999995 0.000287 0.001398 0.035759 -0.000175 0.999360 -0.263023
0.999268 0.001658 -0.038224 -0.033779 -0.001588 0.999997 0.001869 -0.002027 0.038227 -0.001807 0.999267 -0.269997
0.999213 -0.000648 -0.039663 -0.033362 0.000756 0.999996 0.002717 -0.005027 0.039661 -0.002745 0.999209 -0.278269
0.999142 -0.001071 -0.041409 -0.032290 0.001154 0.999997 0.001985 -0.004282 0.041407 -0.002031 0.999140 -0.287707
0.999051 -0.002877 -0.043458 -0.030323 0.002922 0.999995 0.000965 -0.004961 0.043455 -0.001091 0.999055 -0.301454
0.998961 -0.004851 -0.045318 -0.026026 0.004857 0.999988 0.000020 -0.004062 0.045318 -0.000241 0.998973 -0.315847
0.998900 -0.005786 -0.046540 -0.026909 0.005776 0.999983 -0.000339 -0.003871 0.046541 0.000069 0.998916 -0.331678
0.998789 -0.002249 -0.049143 -0.029027 0.002218 0.999997 -0.000683 -0.005305 0.049144 0.000574 0.998792 -0.349549
0.998647 0.000897 -0.051985 -0.033305 -0.001027 0.999996 -0.002480 -0.002162 0.051982 0.002530 0.998645 -0.365176
0.998605 0.000023 -0.052809 -0.032174 -0.000113 0.999999 -0.001696 -0.004837 0.052808 0.001699 0.998603 -0.382658
0.998514 -0.000983 -0.054479 -0.030003 0.000916 0.999999 -0.001247 -0.008209 0.054480 0.001196 0.998514 -0.402342
0.998381 0.000523 -0.056879 -0.030301 -0.000526 1.000000 -0.000030 -0.006724 0.056879 0.000060 0.998381 -0.413905
0.998364 -0.000157 -0.057184 -0.029363 0.000077 0.999999 -0.001409 -0.006273 0.057184 0.001403 0.998363 -0.434732
0.998438 -0.001459 -0.055852 -0.027128 0.001291 0.999995 -0.003045 -0.006076 0.055856 0.002968 0.998434 -0.446965
0.998471 -0.003062 -0.055200 -0.024341 0.002846 0.999988 -0.003981 -0.006701 0.055211 0.003818 0.998467 -0.463654
0.998516 -0.006050 -0.054128 -0.017841 0.005899 0.999978 -0.002951 -0.009720 0.054144 0.002627 0.998530 -0.474194
0.998626 -0.000856 -0.052398 -0.024104 0.000857 1.000000 0.000003 -0.010855 0.052398 -0.000048 0.998626 -0.480297
0.998727 0.008183 -0.049782 -0.039567 -0.008231 0.999966 -0.000758 -0.005196 0.049774 0.001167 0.998760 -0.496663
0.998878 0.010465 -0.046177 -0.043678 -0.010625 0.999938 -0.003208 -0.004507 0.046140 0.003695 0.998928 -0.511561
0.999029 0.006552 -0.043577 -0.034234 -0.006536 0.999979 0.000517 -0.008108 0.043579 -0.000232 0.999050 -0.521615
0.999231 0.000952 -0.039190 -0.020780 -0.000886 0.999998 0.001714 -0.012298 0.039192 -0.001678 0.999230 -0.533294
0.999418 0.006775 -0.033418 -0.026162 -0.006723 0.999976 0.001647 -0.004254 0.033428 -0.001422 0.999440 -0.545256
0.999550 0.005249 -0.029543 -0.023223 -0.005288 0.999985 -0.001250 0.000183 0.029536 0.001406 0.999563 -0.556345
0.999660 0.005246 -0.025552 -0.017934 -0.005281 0.999985 -0.001310 -0.003791 0.025544 0.001445 0.999673 -0.570858
0.999790 0.003388 -0.020223 -0.015501 -0.003403 0.999994 -0.000723 -0.010663 0.020220 0.000792 0.999795 -0.581178
0.999869 0.001671 -0.016074 -0.009163 -0.001643 0.999997 0.001780 -0.007952 0.016077 -0.001753 0.999869 -0.587616
0.999909 -0.000198 -0.013514 -0.005557 0.000193 1.000000 -0.000345 -0.004757 0.013514 0.000342 0.999909 -0.596706
0.999930 -0.000157 -0.011840 -0.001228 0.000167 1.000000 0.000838 -0.003890 0.011839 -0.000840 0.999930 -0.605232
0.999948 0.004106 -0.009323 -0.008365 -0.004080 0.999988 0.002877 -0.007661 0.009335 -0.002838 0.999952 -0.617736
0.999970 0.003824 -0.006723 -0.008004 -0.003811 0.999991 0.001913 -0.009876 0.006730 -0.001888 0.999976 -0.629087
0.999989 0.000168 -0.004662 -0.000612 -0.000171 1.000000 -0.000766 -0.008318 0.004662 0.000767 0.999989 -0.639553
0.999991 -0.002472 -0.003443 0.006606 0.002462 0.999993 -0.002729 -0.007913 0.003449 0.002721 0.999990 -0.657296
0.999995 -0.002061 -0.002357 0.006275 0.002045 0.999974 -0.006891 -0.004347 0.002371 0.006886 0.999973 -0.675443
0.999998 0.001283 -0.001244 -0.000099 -0.001291 0.999983 -0.005773 -0.001860 0.001236 0.005774 0.999983 -0.684982
0.999996 0.002662 -0.000522 -0.003835 -0.002664 0.999993 -0.002732 0.000157 0.000515 0.002733 0.999996 -0.694004
0.999994 0.003415 0.000253 -0.005633 -0.003415 0.999992 0.002105 -0.001486 -0.000246 -0.002106 0.999998 -0.696710
0.999999 0.001085 0.000720 0.001199 -0.001091 0.999973 0.007222 -0.006934 -0.000712 -0.007223 0.999974 -0.698702
0.999997 0.000941 0.002291 0.000631 -0.000959 0.999968 0.007930 -0.014816 -0.002284 -0.007932 0.999966 -0.715636
0.999997 0.000941 0.002254 -0.000237 -0.000943 0.999999 0.000697 -0.015102 -0.002253 -0.000700 0.999997 -0.726309
0.999997 -0.000337 0.002230 0.004306 0.000347 0.999990 -0.004446 -0.006916 -0.002228 0.004447 0.999988 -0.738340
0.999996 -0.000123 0.002941 -0.004099 0.000143 0.999978 -0.006574 0.000775 -0.002940 0.006575 0.999974 -0.753049
0.999994 -0.001587 0.002935 0.005948 0.001592 0.999997 -0.001656 0.000392 -0.002933 0.001660 0.999994 -0.739368
0.999964 0.008021 0.002724 -0.002507 -0.008035 0.999954 0.005150 -0.002509 -0.002682 -0.005171 0.999983 -0.721846
0.999992 0.001975 0.003360 -0.002710 -0.001994 0.999983 0.005471 -0.008312 -0.003349 -0.005477 0.999979 -0.735192
0.999980 -0.005694 0.002768 0.013713 0.005692 0.999984 0.000610 -0.010208 -0.002772 -0.000594 0.999996 -0.735695
0.999985 -0.004017 0.003707 0.011670 0.004031 0.999985 -0.003641 -0.004434 -0.003692 0.003656 0.999987 -0.750332
0.999980 0.004474 0.004554 -0.004362 -0.004457 0.999983 -0.003764 0.003889 -0.004571 0.003744 0.999983 -0.741473
0.999981 0.005136 0.003388 -0.007026 -0.005139 0.999986 0.001023 -0.001447 -0.003383 -0.001041 0.999994 -0.740689
0.999995 0.000102 0.003077 -0.000231 -0.000116 0.999990 0.004512 -0.006722 -0.003077 -0.004512 0.999985 -0.739833
0.999987 -0.003172 0.004097 0.005070 0.003169 0.999995 0.000663 -0.008211 -0.004099 -0.000650 0.999991 -0.734174
0.999992 -0.000315 0.004005 0.000896 0.000318 1.000000 -0.000737 -0.001372 -0.004005 0.000739 0.999992 -0.757378
0.999985 0.004378 0.003424 -0.003146 -0.004367 0.999985 -0.003280 0.000787 -0.003438 0.003265 0.999989 -0.747608
0.999982 0.004869 0.003471 -0.006551 -0.004871 0.999988 0.000505 -0.000039 -0.003469 -0.000522 0.999994 -0.741478
0.999989 0.003129 0.003439 -0.001381 -0.003131 0.999995 0.000727 -0.001792 -0.003437 -0.000737 0.999994 -0.744985
0.999996 0.000757 0.002657 0.003993 -0.000756 1.000000 -0.000172 -0.004616 -0.002657 0.000170 0.999996 -0.747051
0.999992 0.001812 0.003616 -0.001538 -0.001806 0.999997 -0.001531 -0.003598 -0.003619 0.001525 0.999992 -0.752816
0.999990 0.002344 0.003862 -0.005062 -0.002339 0.999997 -0.001056 -0.000250 -0.003864 0.001047 0.999992 -0.751770
0.999994 -0.001398 0.003157 0.003132 0.001397 0.999999 0.000278 -0.006203 -0.003157 -0.000274 0.999995 -0.750659
0.999991 -0.002432 0.003433 0.005628 0.002426 0.999996 0.001599 -0.005690 -0.003436 -0.001590 0.999993 -0.755577
0.999994 0.001996 0.002891 -0.000534 -0.001996 0.999998 0.000008 -0.004799 -0.002891 -0.000013 0.999996 -0.759249
0.999994 -0.001887 0.003069 0.003710 0.001888 0.999998 -0.000410 -0.005720 -0.003069 0.000416 0.999995 -0.760988
0.999996 -0.001407 0.002526 0.006476 0.001407 0.999999 0.000220 -0.005474 -0.002527 -0.000216 0.999997 -0.760943
0.999991 -0.002748 0.003159 0.006608 0.002748 0.999996 -0.000107 -0.003807 -0.003159 0.000116 0.999995 -0.764206
0.999993 -0.001152 0.003549 0.004319 0.001145 0.999998 0.001853 -0.005173 -0.003551 -0.001849 0.999992 -0.766417
0.999994 -0.000754 0.003404 0.005943 0.000742 0.999994 0.003412 -0.007029 -0.003407 -0.003410 0.999988 -0.764238
0.999994 0.000504 0.003532 0.001919 -0.000512 0.999998 0.002116 -0.006625 -0.003531 -0.002117 0.999992 -0.769655
0.999978 -0.005786 0.003380 0.011251 0.005779 0.999981 0.001971 -0.011232 -0.003392 -0.001951 0.999992 -0.776282
0.999990 -0.003409 0.003024 0.010407 0.003412 0.999994 -0.001009 -0.008174 -0.003021 0.001020 0.999995 -0.778263
0.999991 0.002443 0.003510 0.003167 -0.002446 0.999997 0.000720 -0.005266 -0.003508 -0.000729 0.999994 -0.778986
0.999992 -0.000350 0.003939 0.004670 0.000346 0.999999 0.001081 -0.005174 -0.003940 -0.001079 0.999992 -0.789141
0.999986 -0.003529 0.003874 0.014830 0.003526 0.999994 0.000671 -0.010522 -0.003877 -0.000658 0.999992 -0.798190
0.999991 -0.000587 0.004283 0.005889 0.000596 0.999998 -0.002034 -0.008040 -0.004281 0.002037 0.999989 -0.799123
0.999987 0.001044 0.004900 -0.000100 -0.001043 0.999999 -0.000092 -0.002386 -0.004900 0.000087 0.999988 -0.796696
0.999982 -0.003042 0.005235 0.010357 0.003025 0.999990 0.003258 -0.005604 -0.005245 -0.003243 0.999981 -0.797794
0.999980 -0.001284 0.006114 0.011275 0.001232 0.999963 0.008471 -0.011120 -0.006125 -0.008463 0.999945 -0.796173
0.999972 -0.000959 0.007417 0.007839 0.000925 0.999988 0.004710 -0.013590 -0.007422 -0.004703 0.999961 -0.802844
0.999964 -0.003588 0.007641 0.011587 0.003567 0.999990 0.002655 -0.012162 -0.007651 -0.002628 0.999967 -0.804331
0.999967 -0.003161 0.007430 0.011830 0.003177 0.999993 -0.002070 -0.007653 -0.007423 0.002093 0.999970 -0.817673
0.999971 0.000677 0.007565 0.006809 -0.000665 0.999998 -0.001637 -0.006836 -0.007566 0.001632 0.999970 -0.815229
0.999972 0.000319 0.007426 0.005666 -0.000294 0.999994 -0.003443 -0.007470 -0.007428 0.003440 0.999966 -0.815981
0.999970 -0.001135 0.007626 0.009134 0.001178 0.999984 -0.005622 -0.007005 -0.007620 0.005631 0.999955 -0.822879
0.999972 -0.001680 0.007353 0.011559 0.001737 0.999968 -0.007824 -0.002813 -0.007339 0.007837 0.999942 -0.827561
0.999971 0.000701 0.007533 0.009324 -0.000680 0.999996 -0.002713 0.002389 -0.007535 0.002707 0.999968 -0.820524
0.999974 0.000544 0.007251 0.005279 -0.000558 0.999998 0.001941 -0.003797 -0.007250 -0.001945 0.999972 -0.809486
0.999982 0.001206 0.005920 0.005586 -0.001247 0.999975 0.006933 -0.009662 -0.005912 -0.006940 0.999958 -0.800786
0.999986 -0.000739 0.005301 0.006343 0.000721 0.999994 0.003433 -0.010222 -0.005303 -0.003429 0.999980 -0.794571
0.999986 -0.000642 0.005194 0.009525 0.000627 0.999996 0.002889 -0.006172 -0.005196 -0.002885 0.999982 -0.794698
0.999983 -0.001856 0.005590 0.008414 0.001861 0.999998 -0.000867 -0.004022 -0.005588 0.000878 0.999984 -0.785004
0.999977 0.004503 0.005095 -0.001289 -0.004492 0.999987 -0.002226 -0.003628 -0.005105 0.002203 0.999985 -0.778285
0.999989 0.001123 0.004592 0.001958 -0.001092 0.999976 -0.006772 -0.001304 -0.004600 0.006767 0.999967 -0.775032
0.999993 -0.001702 0.003413 0.007470 0.001725 0.999976 -0.006694 0.004961 -0.003401 0.006700 0.999972 -0.765706
0.999988 -0.003467 0.003528 0.010738 0.003482 0.999985 -0.004172 0.003606 -0.003513 0.004185 0.999985 -0.757878
0.999993 -0.001323 0.003455 0.005473 0.001324 0.999999 -0.000254 0.001495 -0.003455 0.000259 0.999994 -0.742329
0.999996 -0.001691 0.002384 0.006405 0.001687 0.999997 0.001782 -0.001593 -0.002387 -0.001778 0.999996 -0.731389
0.999991 -0.003958 0.001729 0.011354 0.003952 0.999986 0.003544 -0.001244 -0.001743 -0.003537 0.999992 -0.716847
0.999997 -0.001030 0.002162 0.007509 0.001022 0.999992 0.003839 -0.000795 -0.002166 -0.003837 0.999990 -0.710405
0.999997 -0.000373 0.002238 0.005650 0.000361 0.999985 0.005439 -0.005101 -0.002240 -0.005438 0.999983 -0.700022
0.999998 0.000966 0.001671 0.003091 -0.000969 0.999997 0.002206 -0.006019 -0.001669 -0.002208 0.999996 -0.695408
0.999996 -0.002385 0.001622 0.008302 0.002386 0.999997 -0.000695 -0.003164 -0.001620 0.000699 0.999998 -0.687039
1.000000 0.000142 0.000720 0.003111 -0.000139 0.999995 -0.003100 0.000705 -0.000721 0.003100 0.999995 -0.683285
1.000000 -0.000014 0.000775 0.001845 0.000016 0.999996 -0.002646 0.002569 -0.000775 0.002646 0.999996 -0.670063
1.000000 0.000932 -0.000206 0.000991 -0.000932 0.999999 -0.001088 -0.000766 0.000205 0.001089 0.999999 -0.659989
0.999999 -0.000395 -0.001351 0.002669 0.000394 0.999999 -0.000922 0.001055 0.001351 0.000921 0.999999 -0.651592
0.999998 -0.001244 -0.001552 0.004098 0.001245 0.999999 0.000602 0.000384 0.001551 -0.000604 0.999999 -0.635440
0.999997 -0.000893 -0.002166 0.004127 0.000898 0.999996 0.002606 0.000019 0.002163 -0.002608 0.999994 -0.624436
0.999996 0.001688 -0.002298 -0.001131 -0.001679 0.999990 0.004210 -0.001290 0.002305 -0.004207 0.999988 -0.614033
0.999996 0.002228 -0.001783 -0.004279 -0.002226 0.999997 0.000960 -0.005001 0.001786 -0.000956 0.999998 -0.609143
0.999997 -0.000913 -0.002070 0.000316 0.000910 0.999999 -0.001286 -0.006658 0.002071 0.001284 0.999997 -0.605421
0.999997 -0.000350 -0.002408 0.002138 0.000343 0.999995 -0.003194 -0.000617 0.002409 0.003194 0.999992 -0.599016
0.999998 0.000255 -0.002133 0.003124 -0.000263 0.999992 -0.004107 0.005186 0.002132 0.004108 0.999989 -0.593654
0.999992 0.003443 -0.002165 -0.000529 -0.003444 0.999994 -0.000420 0.004373 0.002163 0.000428 0.999998 -0.580604
0.999992 0.003550 -0.002048 -0.004050 -0.003546 0.999991 0.002104 -0.001545 0.002055 -0.002097 0.999996 -0.564677
0.999988 0.003953 -0.002805 -0.004359 -0.003946 0.999988 0.002787 -0.004664 0.002816 -0.002776 0.999992 -0.558938
0.999998 -0.000684 -0.001655 0.000751 0.000687 0.999998 0.001652 -0.003869 0.001654 -0.001653 0.999997 -0.554145
0.999999 -0.000452 -0.001287 0.002634 0.000455 0.999997 0.002407 -0.002722 0.001286 -0.002408 0.999996 -0.552976
0.999997 0.001775 -0.001388 -0.001228 -0.001777 0.999997 -0.001485 -0.000299 0.001385 0.001487 0.999998 -0.556100
0.999981 0.006238 0.000282 -0.007344 -0.006238 0.999980 -0.000520 -0.004828 -0.000285 0.000518 1.000000 -0.560559
0.999985 0.005100 0.002009 -0.009277 -0.005098 0.999987 -0.000820 -0.008450 -0.002014 0.000810 0.999998 -0.561703
0.999994 0.003040 0.001737 -0.001183 -0.003040 0.999995 -0.000125 -0.003498 -0.001738 0.000119 0.999998 -0.557640
0.999991 -0.002320 0.003605 0.007700 0.002322 0.999997 -0.000710 -0.002060 -0.003603 0.000719 0.999993 -0.565427
0.999984 -0.000781 0.005558 0.006888 0.000778 1.000000 0.000497 -0.003098 -0.005558 -0.000493 0.999984 -0.565147
0.999976 0.001817 0.006650 0.002597 -0.001811 0.999998 -0.000799 -0.006169 -0.006651 0.000787 0.999978 -0.576669
0.999968 -0.001353 0.007905 0.006493 0.001353 0.999999 0.000021 -0.006872 -0.007905 -0.000011 0.999969 -0.575688
0.999963 0.001232 0.008569 0.004834 -0.001215 0.999997 -0.002032 -0.004178 -0.008572 0.002022 0.999961 -0.582768
0.999951 -0.002782 0.009454 0.009944 0.002792 0.999996 -0.000991 -0.000524 -0.009451 0.001017 0.999955 -0.591819
0.999950 -0.000201 0.009993 0.010016 0.000206 1.000000 -0.000454 -0.003879 -0.009993 0.000456 0.999950 -0.601715
0.999937 -0.004585 0.010285 0.014115 0.004555 0.999985 0.002922 -0.007749 -0.010298 -0.002875 0.999943 -0.605618
0.999947 -0.002467 0.010019 0.013922 0.002451 0.999996 0.001659 -0.009895 -0.010023 -0.001634 0.999948 -0.617941
0.999929 -0.003171 0.011475 0.013013 0.003149 0.999993 0.001986 -0.007702 -0.011481 -0.001950 0.999932 -0.627642
0.999942 -0.000332 0.010777 0.010296 0.000313 0.999998 0.001715 -0.007062 -0.010778 -0.001711 0.999940 -0.641804
0.999942 -0.002164 0.010557 0.011891 0.002162 0.999998 0.000181 -0.008148 -0.010558 -0.000158 0.999944 -0.651357
0.999941 0.000234 0.010814 0.011899 -0.000240 1.000000 0.000495 -0.009775 -0.010814 -0.000498 0.999941 -0.660980
0.999934 -0.003217 0.011009 0.014981 0.003217 0.999995 0.000088 -0.012802 -0.011009 -0.000052 0.999939 -0.679030
0.999938 0.001493 0.011052 0.008888 -0.001441 0.999988 -0.004673 -0.008228 -0.011059 0.004656 0.999928 -0.694293
0.999927 0.004621 0.011129 0.002606 -0.004556 0.999972 -0.005866 -0.005307 -0.011155 0.005814 0.999921 -0.702867
0.999931 0.002578 0.011427 0.005329 -0.002535 0.999990 -0.003753 -0.002882 -0.011436 0.003724 0.999928 -0.713912
0.999939 0.000297 0.011002 0.008973 -0.000260 0.999994 -0.003335 -0.007093 -0.011003 0.003332 0.999934 -0.731505
0.999928 0.006909 0.009764 0.000608 -0.006911 0.999976 0.000172 -0.011687 -0.009763 -0.000239 0.999952 -0.743328
0.999933 0.007415 0.008845 -0.003178 -0.007389 0.999968 -0.003016 -0.011801 -0.008867 0.002951 0.999956 -0.754242
0.999923 0.010230 0.006998 -0.007791 -0.010187 0.999929 -0.006162 -0.006814 -0.007061 0.006090 0.999957 -0.773683
0.999955 0.005934 0.007429 -0.003034 -0.005916 0.999980 -0.002365 -0.003382 -0.007443 0.002321 0.999970 -0.777422
0.999967 0.002481 0.007758 0.002018 -0.002489 0.999996 0.001070 -0.000479 -0.007756 -0.001089 0.999969 -0.773545
0.999963 0.002990 0.008063 0.000928 -0.003055 0.999963 0.007994 -0.011731 -0.008039 -0.008018 0.999936 -0.778732
0.999961 0.004332 0.007669 -0.003254 -0.004382 0.999969 0.006582 -0.014673 -0.007640 -0.006615 0.999949 -0.766366
0.999981 -0.001239 0.006038 0.005788 0.001229 0.999998 0.001769 -0.011052 -0.006040 -0.001762 0.999980 -0.778633
0.999964 -0.006663 0.005337 0.014591 0.006669 0.999977 -0.001220 -0.004290 -0.005329 0.001256 0.999985 -0.766471
0.999970 -0.006135 0.004772 0.016719 0.006130 0.999981 0.001141 -0.001659 -0.004779 -0.001112 0.999988 -0.761815
0.999990 -0.000402 0.004511 0.006754 0.000387 0.999995 0.003257 -0.004655 -0.004513 -0.003256 0.999985 -0.755167
0.999985 -0.002736 0.004710 0.009395 0.002720 0.999991 0.003318 -0.007078 -0.004719 -0.003305 0.999983 -0.747102
0.999988 -0.002660 0.004064 0.010808 0.002652 0.999994 0.002044 -0.004845 -0.004069 -0.002033 0.999990 -0.736389
0.999990 -0.000645 0.004461 0.007941 0.000655 0.999998 -0.002060 -0.003431 -0.004460 0.002063 0.999988 -0.736325
0.999989 0.001684 0.004456 0.004492 -0.001673 0.999995 -0.002647 -0.005179 -0.004461 0.002639 0.999987 -0.732528
0.999992 0.000192 0.003901 0.004459 -0.000180 0.999995 -0.003067 0.000402 -0.003901 0.003067 0.999988 -0.714794
0.999992 -0.000509 0.003968 0.012108 0.000515 0.999999 -0.001407 0.000824 -0.003968 0.001409 0.999991 -0.714545
0.999991 -0.001573 0.003992 0.007315 0.001569 0.999998 0.001028 -0.001339 -0.003994 -0.001022 0.999992 -0.699181
0.999994 0.001350 0.003094 0.003639 -0.001353 0.999998 0.001238 -0.003916 -0.003092 -0.001242 0.999994 -0.686487
0.999994 0.002453 0.002351 0.000533 -0.002451 0.999997 -0.000896 -0.004505 -0.002353 0.000890 0.999997 -0.681643
0.999996 0.002274 0.001940 -0.001245 -0.002274 0.999997 -0.000213 -0.002139 -0.001940 0.000208 0.999998 -0.670166
0.999997 -0.000945 0.002194 0.005235 0.000947 0.999999 -0.000642 -0.001163 -0.002193 0.000644 0.999997 -0.657304
0.999996 0.001787 0.002107 0.003796 -0.001787 0.999998 0.000195 -0.002672 -0.002106 -0.000199 0.999998 -0.651589
0.999995 -0.000125 0.003031 0.003569 0.000119 0.999998 0.001927 -0.005705 -0.003031 -0.001927 0.999994 -0.638551
0.999990 0.003341 0.003010 0.000514 -0.003346 0.999993 0.001699 -0.002988 -0.003004 -0.001709 0.999994 -0.633908
0.999992 0.002055 0.003344 0.000872 -0.002056 0.999998 0.000343 -0.002186 -0.003343 -0.000350 0.999994 -0.623658
0.999988 0.003463 0.003368 0.000843 -0.003463 0.999994 -0.000117 -0.004620 -0.003369 0.000105 0.999994 -0.614537
0.999991 0.001801 0.003741 0.000328 -0.001800 0.999998 -0.000076 -0.003187 -0.003741 0.000070 0.999993 -0.603313
0.999993 0.001297 0.003643 0.003545 -0.001298 0.999999 0.000196 -0.001293 -0.003642 -0.000200 0.999993 -0.596559
0.999992 0.000947 0.003884 0.003158 -0.000946 0.999999 -0.000392 -0.000785 -0.003884 0.000388 0.999992 -0.586263
0.999991 0.002002 0.003821 0.003080 -0.002004 0.999998 0.000521 -0.003670 -0.003820 -0.000529 0.999993 -0.585710
0.999989 -0.000040 0.004586 0.004928 0.000034 0.999999 0.001431 -0.002803 -0.004586 -0.001430 0.999988 -0.578094
0.999986 0.002382 0.004814 0.000505 -0.002390 0.999996 0.001550 -0.002279 -0.004810 -0.001562 0.999987 -0.574676
0.999983 -0.001770 0.005554 0.008861 0.001754 0.999994 0.002876 -0.001829 -0.005559 -0.002866 0.999980 -0.573046
0.999975 -0.002944 0.006479 0.011872 0.002911 0.999983 0.005093 -0.004075 -0.006494 -0.005074 0.999966 -0.568371
0.999964 -0.004550 0.007181 0.014753 0.004510 0.999974 0.005541 -0.007504 -0.007206 -0.005508 0.999959 -0.566520
0.999963 -0.004383 0.007469 0.016930 0.004348 0.999979 0.004714 -0.008665 -0.007489 -0.004682 0.999961 -0.567613
0.999966 -0.002732 0.007807 0.012725 0.002704 0.999990 0.003557 -0.009983 -0.007817 -0.003536 0.999963 -0.570440
0.999970 -0.003353 0.006955 0.012325 0.003365 0.999993 -0.001713 -0.009924 -0.006950 0.001736 0.999974 -0.585302
0.999957 -0.005811 0.007282 0.011672 0.005845 0.999972 -0.004716 -0.004030 -0.007255 0.004758 0.999962 -0.587593
0.999957 -0.005501 0.007475 0.016833 0.005549 0.999964 -0.006349 -0.003303 -0.007440 0.006391 0.999952 -0.601891
0.999956 -0.005566 0.007604 0.017353 0.005609 0.999968 -0.005716 -0.000371 -0.007572 0.005758 0.999955 -0.612243
0.999969 -0.001836 0.007604 0.012092 0.001864 0.999992 -0.003582 -0.002367 -0.007597 0.003596 0.999965 -0.618617
0.999957 -0.004373 0.008126 0.012458 0.004361 0.999989 0.001433 -0.006313 -0.008132 -0.001398 0.999966 -0.621445
0.999965 -0.003102 0.007785 0.014296 0.003082 0.999992 0.002592 -0.007204 -0.007793 -0.002567 0.999966 -0.633248
0.999968 -0.002114 0.007729 0.012918 0.002094 0.999994 0.002599 -0.009275 -0.007734 -0.002583 0.999967 -0.646358
0.999967 -0.001524 0.007931 0.012920 0.001512 0.999998 0.001541 -0.010550 -0.007934 -0.001529 0.999967 -0.664543
0.999964 -0.002302 0.008111 0.013899 0.002305 0.999997 -0.000441 -0.010771 -0.008110 0.000460 0.999967 -0.679770
0.999950 -0.005408 0.008373 0.018643 0.005419 0.999985 -0.001226 -0.007497 -0.008366 0.001271 0.999964 -0.694068
0.999961 0.000461 0.008861 0.010202 -0.000441 0.999997 -0.002258 -0.007292 -0.008862 0.002254 0.999958 -0.709495
0.999955 0.000699 0.009442 0.008848 -0.000679 0.999998 -0.002073 -0.007198 -0.009443 0.002067 0.999953 -0.721729
0.999956 0.000238 0.009426 0.011849 -0.000240 1.000000 0.000210 -0.007071 -0.009426 -0.000212 0.999956 -0.733333
0.999942 -0.003954 0.010062 0.018334 0.003954 0.999992 -0.000053 -0.006207 -0.010062 0.000093 0.999949 -0.743928
0.999949 0.000071 0.010058 0.013548 -0.000079 1.000000 0.000861 -0.011313 -0.010058 -0.000862 0.999949 -0.759330
0.999958 -0.001222 0.009106 0.011628 0.001222 0.999999 -0.000004 -0.012012 -0.009106 0.000015 0.999959 -0.769909
0.999978 0.000631 0.006617 0.010903 -0.000625 0.999999 -0.000933 -0.008053 -0.006617 0.000929 0.999978 -0.788859
0.999987 0.001628 0.004827 0.007858 -0.001625 0.999999 -0.000510 -0.007396 -0.004828 0.000502 0.999988 -0.799496
0.999982 0.003977 0.004437 0.004666 -0.003976 0.999992 -0.000147 -0.008884 -0.004438 0.000129 0.999990 -0.811420
0.999975 0.005720 0.004118 -0.000907 -0.005719 0.999984 -0.000156 -0.009247 -0.004118 0.000133 0.999992 -0.823652
0.999958 0.008213 0.004132 -0.003929 -0.008207 0.999965 -0.001433 -0.007774 -0.004144 0.001399 0.999990 -0.839946
0.999970 0.006260 0.004580 -0.003606 -0.006249 0.999978 -0.002347 -0.008574 -0.004595 0.002318 0.999987 -0.850788
0.999976 0.005801 0.003862 -0.002153 -0.005792 0.999981 -0.002151 -0.006847 -0.003875 0.002129 0.999990 -0.858474
0.999990 0.000652 0.004330 0.009950 -0.000646 0.999999 -0.001499 -0.005528 -0.004331 0.001496 0.999990 -0.864927
0.999991 -0.000407 0.004148 0.007582 0.000399 0.999998 0.001742 -0.008834 -0.004149 -0.001741 0.999990 -0.867527
0.999974 -0.005226 0.004931 0.012611 0.005217 0.999985 0.001725 -0.011475 -0.004940 -0.001699 0.999986 -0.865759
0.999972 -0.006063 0.004400 0.018192 0.006065 0.999981 -0.000480 -0.011310 -0.004397 0.000507 0.999990 -0.876217
0.999992 0.000313 0.004044 0.009514 -0.000296 0.999991 -0.004128 -0.008488 -0.004045 0.004126 0.999983 -0.894141
0.999983 -0.002854 0.005003 0.014525 0.002885 0.999976 -0.006283 -0.005168 -0.004985 0.006298 0.999968 -0.904180
0.999988 0.001048 0.004772 0.007838 -0.001015 0.999977 -0.006746 -0.002217 -0.004779 0.006741 0.999966 -0.907037
0.999978 0.002420 0.006147 0.003774 -0.002400 0.999992 -0.003260 -0.001981 -0.006154 0.003245 0.999976 -0.907679
0.999963 0.006173 0.005950 -0.001486 -0.006183 0.999980 0.001574 -0.005945 -0.005940 -0.001611 0.999981 -0.906083
0.999920 0.010913 0.006373 -0.007059 -0.010952 0.999921 0.006116 -0.010186 -0.006306 -0.006185 0.999961 -0.901485
0.999957 0.006082 0.006945 -0.003199 -0.006140 0.999947 0.008290 -0.013425 -0.006894 -0.008332 0.999942 -0.899180
0.999965 0.003561 0.007637 0.000215 -0.003592 0.999986 0.003996 -0.014462 -0.007622 -0.004023 0.999963 -0.910153
0.999962 0.003050 0.008136 0.002057 -0.003023 0.999990 -0.003275 -0.010066 -0.008146 0.003250 0.999962 -0.926668
0.999954 0.005131 0.008147 -0.002724 -0.005108 0.999983 -0.002787 -0.002276 -0.008161 0.002745 0.999963 -0.933002
0.999960 0.005039 0.007444 -0.002264 -0.005043 0.999987 0.000563 -0.006280 -0.007441 -0.000600 0.999972 -0.924542
0.999974 0.002780 0.006671 -0.001009 -0.002819 0.999979 0.005802 -0.012760 -0.006654 -0.005821 0.999961 -0.928202
0.999985 -0.000133 0.005506 0.004661 0.000125 0.999999 0.001629 -0.013644 -0.005506 -0.001628 0.999984 -0.932445
0.999986 0.002853 0.004501 0.001736 -0.002847 0.999995 -0.001254 -0.007281 -0.004504 0.001241 0.999989 -0.935177
0.999987 0.003764 0.003508 -0.002938 -0.003749 0.999984 -0.004352 -0.003385 -0.003524 0.004338 0.999984 -0.941198
0.999992 0.003538 0.002014 -0.007125 -0.003532 0.999990 -0.002707 -0.005066 -0.002024 0.002699 0.999994 -0.939368
0.999993 0.003644 0.000868 -0.003464 -0.003642 0.999989 -0.002935 -0.005233 -0.000878 0.002932 0.999995 -0.940187
1.000000 0.000407 0.000718 -0.004074 -0.000407 0.999999 -0.001179 -0.005689 -0.000718 0.001179 0.999999 -0.935364
0.999999 -0.001116 0.000114 0.001506 0.001116 0.999999 -0.000770 -0.006035 -0.000113 0.000770 1.000000 -0.940698
0.999999 -0.001136 -0.000508 0.004250 0.001137 0.999998 0.001599 -0.007984 0.000507 -0.001600 0.999999 -0.939913
0.999991 -0.003909 -0.001447 0.007821 0.003911 0.999992 0.001304 -0.007844 0.001442 -0.001309 0.999998 -0.941000
0.999992 -0.003264 -0.002423 0.006998 0.003268 0.999993 0.001726 -0.007339 0.002417 -0.001734 0.999996 -0.944399
0.999988 -0.004125 -0.002585 0.009782 0.004123 0.999991 -0.000573 -0.006466 0.002587 0.000563 0.999996 -0.940912
0.999993 -0.002190 -0.003104 0.005899 0.002188 0.999997 -0.000526 -0.004970 0.003106 0.000520 0.999995 -0.939139
0.999995 -0.000600 -0.003151 0.004572 0.000594 0.999998 -0.001977 -0.004784 0.003152 0.001975 0.999993 -0.942834
0.999993 -0.001094 -0.003473 0.005475 0.001082 0.999994 -0.003283 -0.001999 0.003476 0.003279 0.999989 -0.937519
0.999984 0.003976 -0.004111 0.000256 -0.003983 0.999990 -0.001809 -0.000023 0.004104 0.001826 0.999990 -0.939293
0.999992 -0.000722 -0.003911 0.004022 0.000743 0.999986 0.005183 -0.001155 0.003907 -0.005186 0.999979 -0.930066
0.999973 -0.005779 -0.004620 0.011694 0.005819 0.999945 0.008712 -0.011061 0.004569 -0.008738 0.999951 -0.918842
0.999986 -0.002700 -0.004525 0.007280 0.002729 0.999975 0.006552 -0.013394 0.004507 -0.006564 0.999968 -0.915749
0.999987 -0.001694 -0.004727 0.004210 0.001674 0.999990 -0.004163 -0.006272 0.004734 0.004155 0.999980 -0.914450
0.999982 -0.003226 -0.005035 0.010252 0.003197 0.999978 -0.005835 0.002169 0.005054 0.005819 0.999970 -0.919677
0.999988 -0.001983 -0.004587 0.006664 0.001961 0.999986 -0.004847 -0.000788 0.004596 0.004838 0.999978 -0.909982
0.999990 0.000323 -0.004443 0.003945 -0.000322 1.000000 0.000143 -0.002411 0.004443 -0.000141 0.999990 -0.913042
0.999990 0.001793 -0.004042 -0.002141 -0.001797 0.999998 -0.000847 -0.002374 0.004040 0.000854 0.999991 -0.920888
0.999984 0.003818 -0.004089 -0.005418 -0.003808 0.999990 0.002311 -0.003268 0.004098 -0.002295 0.999989 -0.903756
0.999983 0.003426 -0.004795 -0.004873 -0.003417 0.999992 0.002002 -0.005826 0.004802 -0.001986 0.999986 -0.901680
0.999982 0.002705 -0.005286 -0.002238 -0.002688 0.999991 0.003227 -0.007112 0.005295 -0.003212 0.999981 -0.898038
0.999987 -0.000542 -0.005163 0.000133 0.000541 1.000000 -0.000224 -0.007120 0.005163 0.000221 0.999987 -0.902986
0.999984 -0.002344 -0.005079 0.000825 0.002343 0.999997 -0.000159 -0.004065 0.005080 0.000148 0.999987 -0.904003
0.999978 0.000513 -0.006575 -0.000389 -0.000514 1.000000 -0.000150 -0.006078 0.006575 0.000154 0.999978 -0.901058
0.999969 -0.003009 -0.007273 0.005536 0.003016 0.999995 0.000924 -0.008291 0.007270 -0.000946 0.999973 -0.908327
0.999959 -0.004586 -0.007871 0.007763 0.004630 0.999973 0.005669 -0.007713 0.007845 -0.005705 0.999953 -0.897688
0.999964 -0.003216 -0.007825 0.008118 0.003252 0.999984 0.004566 -0.013774 0.007810 -0.004591 0.999959 -0.909008
0.999966 -0.000239 -0.008224 0.004874 0.000262 0.999996 0.002846 -0.015763 0.008223 -0.002848 0.999962 -0.916492
0.999964 -0.001191 -0.008427 0.002870 0.001121 0.999965 -0.008348 -0.008482 0.008437 0.008338 0.999930 -0.932146
0.999944 -0.006413 -0.008421 0.011564 0.006325 0.999925 -0.010449 -0.000861 0.008488 0.010396 0.999910 -0.938289
0.999958 0.000234 -0.009131 0.004639 -0.000289 0.999982 -0.006033 0.000449 0.009129 0.006035 0.999940 -0.933023
0.999950 -0.005120 -0.008585 0.004454 0.005096 0.999983 -0.002758 -0.006459 0.008599 0.002714 0.999959 -0.937833
0.999948 0.000954 -0.010193 0.006080 -0.000928 0.999996 0.002578 -0.010435 0.010195 -0.002569 0.999945 -0.941935
0.999949 0.005370 -0.008522 -0.004470 -0.005337 0.999978 0.003939 -0.006005 0.008543 -0.003894 0.999956 -0.940471
0.999962 0.000687 -0.008659 -0.000245 -0.000592 0.999939 0.011068 -0.014711 0.008666 -0.011062 0.999901 -0.929188
0.999950 0.003274 -0.009468 0.000247 -0.003238 0.999988 0.003763 -0.016021 0.009480 -0.003732 0.999948 -0.938680
0.999959 0.002290 -0.008758 -0.001008 -0.002323 0.999990 -0.003695 -0.005238 0.008750 0.003715 0.999955 -0.947555
0.999953 0.003547 -0.009025 -0.004200 -0.003589 0.999983 -0.004674 -0.001361 0.009008 0.004706 0.999948 -0.953051
0.999965 -0.000084 -0.008416 0.001170 0.000075 1.000000 -0.000963 -0.002904 0.008416 0.000962 0.999964 -0.936965
0.999963 -0.002153 -0.008383 0.008357 0.002158 0.999997 0.000630 -0.005587 0.008382 -0.000648 0.999965 -0.931098
0.999962 0.004403 -0.007525 0.001029 -0.004403 0.999990 0.000113 -0.005219 0.007525 -0.000080 0.999972 -0.916076
0.999969 0.004701 -0.006366 -0.004994 -0.004727 0.999980 -0.004084 -0.000739 0.006347 0.004114 0.999971 -0.915211
0.999983 -0.000027 -0.005845 0.002301 0.000009 0.999995 -0.003072 0.001600 0.005845 0.003072 0.999978 -0.901297
0.999986 -0.001799 -0.005026 0.003918 0.001787 0.999995 -0.002465 0.000307 0.005030 0.002456 0.999984 -0.891143
0.999984 -0.000704 -0.005658 0.004947 0.000717 0.999997 0.002335 -0.004160 0.005656 -0.002339 0.999981 -0.882168
0.999990 0.000942 -0.004314 0.000777 -0.000926 0.999993 0.003725 -0.002677 0.004318 -0.003721 0.999984 -0.863249
0.999993 -0.000957 -0.003735 0.005806 0.000981 0.999979 0.006450 -0.008518 0.003729 -0.006453 0.999972 -0.862338
0.999990 -0.002470 -0.003816 0.007686 0.002476 0.999996 0.001665 -0.008298 0.003811 -0.001674 0.999991 -0.855625
0.999995 0.000402 -0.003094 0.003198 -0.000419 0.999985 -0.005442 -0.003109 0.003092 0.005443 0.999980 -0.856066
0.999991 0.003172 -0.002767 -0.001983 -0.003193 0.999965 -0.007701 0.005405 0.002743 0.007710 0.999967 -0.849074
0.999985 0.004531 -0.003224 -0.005306 -0.004542 0.999984 -0.003487 0.003693 0.003209 0.003502 0.999989 -0.840308
0.999982 0.005213 -0.003052 -0.004097 -0.005209 0.999986 0.001350 -0.001589 0.003059 -0.001334 0.999994 -0.831116
0.999995 0.001458 -0.002641 0.000480 -0.001448 0.999992 0.003676 -0.004301 0.002646 -0.003672 0.999990 -0.820494
0.999994 -0.002762 -0.002122 0.004751 0.002777 0.999972 0.006966 -0.003152 0.002103 -0.006972 0.999973 -0.806673
0.999996 -0.001588 -0.002152 0.004475 0.001607 0.999962 0.008515 -0.004544 0.002138 -0.008519 0.999961 -0.789103
0.999989 0.003806 -0.002672 -0.004036 -0.003796 0.999986 0.003754 -0.012374 0.002687 -0.003744 0.999989 -0.789969
0.999996 -0.000340 -0.002847 0.001305 0.000319 0.999972 -0.007434 -0.008766 0.002849 0.007433 0.999968 -0.791411
0.999965 -0.007612 -0.003355 0.013294 0.007566 0.999882 -0.013377 0.007012 0.003457 0.013351 0.999905 -0.788756
0.999965 -0.007844 -0.002963 0.015725 0.007818 0.999932 -0.008651 0.011017 0.003030 0.008628 0.999958 -0.775103
0.999997 -0.001350 -0.002170 0.006355 0.001354 0.999998 0.001704 0.002849 0.002167 -0.001706 0.999996 -0.758954
0.999993 0.002514 -0.002824 -0.001927 -0.002501 0.999987 0.004439 -0.005221 0.002835 -0.004432 0.999986 -0.742890
0.999995 0.001491 -0.002745 -0.001181 -0.001483 0.999994 0.003028 -0.006300 0.002750 -0.003024 0.999992 -0.736566
0.999996 -0.000417 -0.002729 0.002003 0.000413 0.999999 -0.001475 -0.003073 0.002730 0.001474 0.999995 -0.731874
0.999996 -0.000664 -0.002724 0.004114 0.000661 0.999999 -0.001292 0.001241 0.002725 0.001290 0.999995 -0.724761
0.999997 0.000049 -0.002591 0.002930 -0.000051 1.000000 -0.000743 -0.000345 0.002591 0.000743 0.999996 -0.715716
0.999993 0.001458 -0.003321 -0.000162 -0.001454 0.999998 0.001233 -0.001439 0.003323 -0.001228 0.999994 -0.708882
0.999991 0.000780 -0.004107 -0.000342 -0.000770 0.999997 0.002240 -0.001953 0.004109 -0.002237 0.999989 -0.693621
0.999989 -0.000334 -0.004773 0.002316 0.000344 0.999998 0.002000 -0.001573 0.004773 -0.002002 0.999987 -0.686671
0.999986 -0.000366 -0.005247 0.002134 0.000377 0.999998 0.002058 -0.002273 0.005246 -0.002060 0.999984 -0.678930
0.999985 -0.000450 -0.005502 -0.000614 0.000463 0.999997 0.002434 -0.003396 0.005501 -0.002437 0.999982 -0.672790
0.999980 0.000875 -0.006313 -0.000481 -0.000851 0.999992 0.003846 -0.003639 0.006316 -0.003840 0.999973 -0.667336
0.999974 0.001370 -0.007086 -0.002870 -0.001344 0.999992 0.003702 -0.005913 0.007091 -0.003692 0.999968 -0.670713
0.999973 -0.002080 -0.006998 0.000569 0.002093 0.999996 0.001792 -0.007202 0.006995 -0.001807 0.999974 -0.672996
0.999963 -0.005003 -0.006999 0.006381 0.005001 0.999987 -0.000376 -0.007058 0.007001 0.000341 0.999975 -0.679169
0.999966 -0.004226 -0.007062 0.009434 0.004223 0.999991 -0.000432 -0.005563 0.007064 0.000402 0.999975 -0.680126
0.999976 -0.000796 -0.006856 0.000248 0.000800 0.999999 0.000652 -0.003988 0.006856 -0.000657 0.999976 -0.687866
0.999970 -0.001610 -0.007522 -0.000307 0.001630 0.999995 0.002723 -0.007731 0.007518 -0.002735 0.999968 -0.694435
0.999960 -0.003689 -0.008153 0.007134 0.003721 0.999986 0.003848 -0.009956 0.008139 -0.003878 0.999959 -0.694989
0.999963 -0.002698 -0.008137 0.006884 0.002720 0.999993 0.002748 -0.010072 0.008129 -0.002770 0.999963 -0.704527
0.999968 -0.002059 -0.007700 0.004181 0.002075 0.999996 0.002019 -0.008663 0.007695 -0.002035 0.999968 -0.708632
0.999966 -0.001201 -0.008208 0.004746 0.001219 0.999997 0.002277 -0.008769 0.008205 -0.002287 0.999964 -0.721851
0.999966 -0.002147 -0.007981 0.005339 0.002160 0.999996 0.001598 -0.008724 0.007977 -0.001615 0.999967 -0.728379
0.999964 0.002915 -0.008017 -0.001513 -0.002901 0.999994 0.001791 -0.011807 0.008023 -0.001767 0.999966 -0.738260
0.999967 0.001137 -0.007989 -0.000392 -0.001140 0.999999 -0.000404 -0.011779 0.007989 0.000413 0.999968 -0.750060
0.999966 0.000441 -0.008229 0.001324 -0.000462 0.999997 -0.002527 -0.009213 0.008228 0.002531 0.999963 -0.759490
0.999967 -0.002144 -0.007858 0.005144 0.002118 0.999992 -0.003253 -0.008257 0.007865 0.003236 0.999964 -0.775017
0.999975 0.000247 -0.007103 0.002876 -0.000278 0.999990 -0.004372 -0.007542 0.007102 0.004374 0.999965 -0.785955
0.999972 0.003345 -0.006672 -0.002395 -0.003362 0.999991 -0.002471 -0.010334 0.006664 0.002493 0.999975 -0.800676
0.999983 -0.000906 -0.005809 0.002722 0.000867 0.999978 -0.006639 -0.008825 0.005814 0.006634 0.999961 -0.810327
0.999981 0.000833 -0.006112 0.003003 -0.000864 0.999987 -0.005094 -0.007176 0.006108 0.005100 0.999968 -0.822615
0.999977 0.003914 -0.005457 0.000099 -0.003910 0.999992 0.000831 -0.005669 0.005460 -0.000810 0.999985 -0.833972
0.999979 0.003550 -0.005387 -0.000261 -0.003498 0.999948 0.009569 -0.010506 0.005421 -0.009550 0.999940 -0.829063
0.999981 0.003286 -0.005276 0.000630 -0.003216 0.999908 0.013209 -0.025354 0.005319 -0.013192 0.999899 -0.838612
0.999971 0.005842 -0.004786 -0.003200 -0.005798 0.999942 0.009059 -0.021084 0.004838 -0.009031 0.999948 -0.849689
0.999970 0.005940 -0.004998 -0.006555 -0.005956 0.999978 -0.003053 -0.011451 0.004979 0.003083 0.999983 -0.869182
0.999966 0.006183 -0.005484 -0.008402 -0.006217 0.999962 -0.006124 -0.008058 0.005446 0.006158 0.999966 -0.885344
0.999983 0.002303 -0.005431 -0.001245 -0.002331 0.999983 -0.005261 -0.001442 0.005418 0.005273 0.999971 -0.893355
0.999982 -0.003680 -0.004653 0.006845 0.003705 0.999979 0.005316 -0.006171 0.004633 -0.005333 0.999975 -0.882927
0.999975 -0.005377 -0.004549 0.010864 0.005416 0.999948 0.008592 -0.021474 0.004502 -0.008616 0.999953 -0.882874
0.999981 -0.003998 -0.004794 0.008536 0.004009 0.999989 0.002283 -0.018987 0.004785 -0.002303 0.999986 -0.891298
0.999979 -0.003356 -0.005501 0.008926 0.003324 0.999977 -0.005841 -0.006833 0.005520 0.005823 0.999968 -0.911288
0.999978 -0.003319 -0.005693 0.009539 0.003295 0.999986 -0.004205 -0.002585 0.005707 0.004186 0.999975 -0.919668
0.999982 -0.001945 -0.005690 0.007233 0.001951 0.999998 0.001006 -0.010318 0.005688 -0.001017 0.999983 -0.917929
0.999985 -0.001617 -0.005162 0.008397 0.001636 0.999992 0.003768 -0.016608 0.005156 -0.003776 0.999980 -0.930345
0.999982 0.002916 -0.005152 0.002183 -0.002911 0.999995 0.000867 -0.014037 0.005154 -0.000852 0.999986 -0.938842
0.999982 0.003662 -0.004763 -0.000203 -0.003661 0.999993 0.000197 -0.009923 0.004764 -0.000180 0.999989 -0.943816
0.999991 0.001122 -0.004125 0.000335 -0.001126 0.999999 -0.000880 -0.007345 0.004124 0.000884 0.999991 -0.950293
0.999992 0.001431 -0.003864 0.002726 -0.001434 0.999999 -0.000539 -0.008474 0.003864 0.000545 0.999992 -0.956144
0.999995 0.000505 -0.003194 0.002535 -0.000507 1.000000 -0.000649 -0.008818 0.003194 0.000651 0.999995 -0.965791
0.999995 -0.002142 -0.002345 0.003929 0.002137 0.999996 -0.001780 -0.008706 0.002348 0.001775 0.999996 -0.959649
0.999996 -0.000316 -0.002665 0.003430 0.000309 0.999997 -0.002312 -0.006543 0.002666 0.002311 0.999994 -0.971054
0.999991 -0.003705 -0.002198 0.006973 0.003703 0.999993 -0.000744 -0.006645 0.002201 0.000736 0.999997 -0.965644
0.999995 -0.002300 -0.002042 0.010409 0.002305 0.999995 0.002334 -0.008461 0.002037 -0.002338 0.999995 -0.971354
0.999998 -0.000885 -0.001649 0.002967 0.000887 0.999999 0.001195 -0.009939 0.001648 -0.001196 0.999998 -0.970401
0.999998 0.000347 -0.002107 0.007172 -0.000347 1.000000 -0.000052 -0.008308 0.002107 0.000053 0.999998 -0.961247
0.999999 -0.000467 -0.001629 0.008942 0.000466 1.000000 -0.000790 -0.006793 0.001630 0.000789 0.999998 -0.966703
0.999998 0.001108 -0.001471 0.010593 -0.001116 0.999987 -0.005030 -0.009227 0.001465 0.005031 0.999986 -0.972953
0.999996 0.002287 -0.001702 0.000562 -0.002289 0.999997 -0.000673 -0.000663 0.001701 0.000677 0.999998 -0.961313
0.999994 -0.003027 -0.001697 0.009432 0.003028 0.999995 0.000706 -0.006387 0.001695 -0.000711 0.999998 -0.961357
0.999999 0.000279 -0.001571 0.005689 -0.000268 0.999973 0.007371 -0.011127 0.001573 -0.007370 0.999972 -0.944380
0.999998 0.000143 -0.002224 0.004275 -0.000138 0.999998 0.002164 -0.010271 0.002225 -0.002164 0.999995 -0.948901
0.999994 -0.001914 -0.002741 0.007857 0.001917 0.999998 0.001077 -0.004781 0.002739 -0.001082 0.999996 -0.932584
0.999995 -0.001763 -0.002743 0.006874 0.001750 0.999988 -0.004480 -0.005086 0.002751 0.004475 0.999986 -0.956921
0.999995 0.000005 -0.003120 0.004017 -0.000024 0.999983 -0.005903 -0.000847 0.003120 0.005903 0.999978 -0.954254
0.999993 0.000542 -0.003736 0.003355 -0.000556 0.999992 -0.003842 -0.001146 0.003734 0.003844 0.999986 -0.957000
0.999990 -0.002033 -0.003948 0.006556 0.002034 0.999998 0.000209 -0.005594 0.003948 -0.000217 0.999992 -0.951738
0.999991 -0.000275 -0.004322 0.006669 0.000281 0.999999 0.001315 -0.009097 0.004321 -0.001316 0.999990 -0.953838
0.999992 0.000200 -0.004047 0.003484 -0.000197 1.000000 0.000693 -0.008293 0.004047 -0.000692 0.999992 -0.950355
0.999990 -0.000794 -0.004333 0.005442 0.000792 0.999999 -0.000644 -0.007045 0.004334 0.000640 0.999990 -0.947245
0.999991 0.000275 -0.004286 0.005116 -0.000279 1.000000 -0.000787 -0.005124 0.004286 0.000788 0.999991 -0.946546
0.999991 -0.001285 -0.004013 0.006666 0.001282 0.999999 -0.000639 -0.006210 0.004014 0.000634 0.999992 -0.944637
0.999989 -0.002180 -0.004139 0.008376 0.002182 0.999997 0.000518 -0.006314 0.004138 -0.000527 0.999991 -0.946277
0.999988 -0.002796 -0.003965 0.008084 0.002797 0.999996 0.000488 -0.007776 0.003964 -0.000499 0.999992 -0.943470
0.999988 -0.002829 -0.003876 0.006682 0.002825 0.999996 -0.000872 -0.007148 0.003878 0.000861 0.999992 -0.940302
0.999984 -0.004500 -0.003432 0.009792 0.004501 0.999990 0.000277 -0.004625 0.003431 -0.000293 0.999994 -0.939366
0.999983 -0.005046 -0.003046 0.010076 0.005057 0.999981 0.003594 -0.004652 0.003027 -0.003610 0.999989 -0.929105
0.999992 -0.002777 -0.002796 0.003379 0.002790 0.999985 0.004790 -0.011248 0.002783 -0.004797 0.999985 -0.926584
0.999993 -0.001652 -0.003394 0.007226 0.001658 0.999997 0.001938 -0.010734 0.003391 -0.001944 0.999992 -0.931617
0.999994 -0.001678 -0.003098 0.004952 0.001669 0.999994 -0.002909 -0.005727 0.003102 0.002904 0.999991 -0.937712
0.999994 0.000119 -0.003465 0.004896 -0.000130 0.999994 -0.003381 -0.000498 0.003464 0.003382 0.999988 -0.932885
0.999995 0.000411 -0.003093 0.003325 -0.000420 0.999995 -0.003181 -0.003156 0.003091 0.003182 0.999990 -0.936860
0.999994 0.000621 -0.003438 0.005595 -0.000623 1.000000 -0.000487 -0.004550 0.003437 0.000489 0.999994 -0.922489
0.999994 -0.000061 -0.003603 0.005170 0.000060 1.000000 -0.000160 -0.005618 0.003603 0.000159 0.999993 -0.920913
0.999991 -0.000916 -0.004240 0.007704 0.000924 0.999998 0.001867 -0.006185 0.004238 -0.001871 0.999989 -0.916622
0.999989 -0.000677 -0.004730 0.006336 0.000692 0.999995 0.003146 -0.009698 0.004728 -0.003150 0.999984 -0.906738
0.999943 0.008901 -0.005961 -0.004637 -0.008924 0.999953 -0.003722 -0.010184 0.005927 0.003775 0.999975 -0.921013
0.999990 -0.000264 -0.004387 0.000763 0.000241 0.999986 -0.005197 -0.003089 0.004389 0.005196 0.999977 -0.921839
0.999985 0.000357 -0.005543 0.004971 -0.000351 0.999999 0.001185 0.002725 0.005543 -0.001183 0.999984 -0.912846
0.999990 0.001584 -0.004214 0.000405 -0.001531 0.999921 0.012510 -0.011635 0.004234 -0.012503 0.999913 -0.895308
0.999984 0.001078 -0.005544 0.001416 -0.001009 0.999922 0.012427 -0.019933 0.005556 -0.012421 0.999907 -0.885663
0.999981 -0.002122 -0.005748 0.008599 0.002146 0.999989 0.004142 -0.012335 0.005740 -0.004154 0.999975 -0.893384
0.999977 -0.004383 -0.005195 0.010183 0.004353 0.999973 -0.005836 -0.004892 0.005220 0.005813 0.999969 -0.907046
0.999983 -0.003065 -0.005023 0.010806 0.003031 0.999972 -0.006872 -0.002967 0.005044 0.006857 0.999964 -0.906809
0.999983 -0.002548 -0.005250 0.009307 0.002523 0.999985 -0.004800 0.000121 0.005262 0.004786 0.999975 -0.900584
0.999974 -0.004193 -0.005896 0.010934 0.004191 0.999991 -0.000382 -0.003652 0.005898 0.000357 0.999983 -0.892537
0.999964 -0.004716 -0.006994 0.012351 0.004700 0.999986 -0.002338 -0.006633 0.007005 0.002305 0.999973 -0.894938
0.999966 -0.004488 -0.006954 0.010575 0.004456 0.999979 -0.004603 -0.003463 0.006974 0.004572 0.999965 -0.889027
0.999974 -0.001931 -0.007000 0.007205 0.001907 0.999992 -0.003491 0.001956 0.007007 0.003478 0.999969 -0.885952
0.999970 0.003479 -0.006960 -0.001372 -0.003467 0.999992 0.001764 -0.002717 0.006966 -0.001740 0.999974 -0.882531
0.999978 0.001559 -0.006375 -0.001436 -0.001533 0.999991 0.004055 -0.009391 0.006382 -0.004045 0.999971 -0.876128
0.999977 0.001768 -0.006512 -0.003567 -0.001754 0.999996 0.002253 -0.009956 0.006516 -0.002242 0.999976 -0.869998
0.999979 -0.000455 -0.006388 0.003544 0.000444 0.999998 -0.001691 -0.005575 0.006389 0.001688 0.999978 -0.881112
0.999981 -0.001338 -0.006040 0.006585 0.001323 0.999996 -0.002468 -0.004983 0.006043 0.002460 0.999979 -0.890747
0.999979 0.002220 -0.006132 0.001115 -0.002227 0.999997 -0.001131 -0.001321 0.006130 0.001145 0.999981 -0.868835
0.999985 0.001322 -0.005295 0.002100 -0.001310 0.999996 0.002349 -0.005044 0.005298 -0.002342 0.999983 -0.873828
0.999989 -0.000614 -0.004637 0.005303 0.000632 0.999993 0.003734 -0.009628 0.004634 -0.003737 0.999982 -0.864055
0.999992 0.001556 -0.003641 0.002038 -0.001550 0.999998 0.001571 -0.008813 0.003643 -0.001565 0.999992 -0.866742
0.999983 0.005067 -0.002945 -0.002251 -0.005070 0.999987 -0.001077 -0.006305 0.002939 0.001092 0.999995 -0.876812
0.999997 0.001617 -0.002059 -0.000532 -0.001623 0.999995 -0.002572 -0.000862 0.002055 0.002575 0.999995 -0.867020
0.999996 0.001678 -0.002155 0.001734 -0.001682 0.999997 -0.001523 -0.002968 0.002152 0.001527 0.999997 -0.865600
0.999996 0.001916 -0.001852 0.002373 -0.001918 0.999998 -0.001101 -0.002854 0.001849 0.001104 0.999998 -0.865589
0.999997 0.001955 -0.001187 0.003128 -0.001953 0.999997 0.001663 -0.006185 0.001190 -0.001660 0.999998 -0.863714
0.999999 0.001504 -0.000604 0.003726 -0.001503 0.999998 0.001651 -0.006797 0.000606 -0.001651 0.999998 -0.862493
0.999995 0.003316 0.000050 0.000837 -0.003316 0.999993 0.001646 -0.006797 -0.000045 -0.001646 0.999999 -0.855411
0.999997 0.002124 0.000827 0.001844 -0.002125 0.999997 0.000965 -0.004470 -0.000825 -0.000967 0.999999 -0.844506
0.999999 0.001161 0.001161 0.002914 -0.001161 0.999999 0.000250 -0.004339 -0.001161 -0.000251 0.999999 -0.840916
0.999996 0.002121 0.001655 0.002298 -0.002121 0.999998 -0.000033 -0.002633 -0.001655 0.000029 0.999999 -0.831150
0.999997 0.000936 0.002189 0.001859 -0.000933 0.999999 -0.001239 -0.001490 -0.002191 0.001237 0.999997 -0.821264
0.999996 0.000935 0.002520 0.001956 -0.000930 0.999998 -0.001902 -0.001729 -0.002522 0.001900 0.999995 -0.813263
0.999995 -0.000039 0.003140 0.005248 0.000049 0.999995 -0.003081 -0.001463 -0.003140 0.003081 0.999990 -0.802370
0.999993 -0.000803 0.003564 0.004580 0.000813 0.999996 -0.002734 -0.000335 -0.003562 0.002737 0.999990 -0.793916
0.999991 -0.001523 0.003904 0.003709 0.001532 0.999997 -0.002115 0.000845 -0.003901 0.002121 0.999990 -0.786652
0.999979 -0.004701 0.004403 0.008985 0.004700 0.999989 0.000212 0.000164 -0.004403 -0.000191 0.999990 -0.768907
0.999988 -0.002399 0.004378 0.004337 0.002392 0.999996 0.001413 -0.002387 -0.004381 -0.001403 0.999989 -0.760352
0.999990 0.000244 0.004448 0.002034 -0.000244 1.000000 -0.000008 -0.006031 -0.004448 0.000007 0.999990 -0.753213
0.999993 -0.000099 0.003631 0.003712 0.000108 0.999997 -0.002303 -0.001844 -0.003631 0.002303 0.999991 -0.747416
0.999992 -0.002055 0.003425 0.010835 0.002066 0.999993 -0.003162 0.001059 -0.003419 0.003169 0.999989 -0.728792
0.999989 -0.002642 0.003875 0.010722 0.002649 0.999995 -0.001797 0.001701 -0.003870 0.001807 0.999991 -0.717176
0.999991 0.001292 0.003950 0.003814 -0.001297 0.999998 0.001165 -0.001995 -0.003948 -0.001171 0.999992 -0.700226
0.999992 0.000385 0.004101 0.004795 -0.000391 0.999999 0.001347 -0.002372 -0.004100 -0.001349 0.999991 -0.683776
0.999994 -0.000416 0.003291 0.006372 0.000409 0.999998 0.001968 -0.000452 -0.003292 -0.001967 0.999993 -0.668985
0.999994 -0.001234 0.003252 0.009120 0.001224 0.999995 0.002932 -0.000414 -0.003255 -0.002928 0.999990 -0.651027
0.999990 -0.003222 0.003183 0.011776 0.003221 0.999995 0.000298 -0.002258 -0.003184 -0.000288 0.999995 -0.642803
0.999992 -0.001990 0.003474 0.010190 0.001988 0.999998 0.000584 -0.002842 -0.003475 -0.000577 0.999994 -0.630943
0.999993 -0.001806 0.003425 0.009605 0.001806 0.999998 -0.000023 -0.001288 -0.003425 0.000029 0.999994 -0.618219
0.999995 -0.000466 0.003238 0.006734 0.000467 1.000000 -0.000424 0.001104 -0.003238 0.000426 0.999995 -0.609742
0.999994 -0.000939 0.003252 0.006651 0.000935 0.999999 0.001099 -0.004044 -0.003253 -0.001096 0.999994 -0.596359
0.999991 -0.002677 0.003163 0.008798 0.002667 0.999992 0.003000 -0.002983 -0.003171 -0.002991 0.999990 -0.577362
0.999996 -0.001118 0.002693 0.006757 0.001119 0.999999 -0.000593 -0.000936 -0.002692 0.000596 0.999996 -0.575108
0.999994 -0.000784 0.003430 0.005914 0.000784 1.000000 -0.000015 0.000827 -0.003430 0.000017 0.999994 -0.565571
0.999994 -0.001426 0.003044 0.007561 0.001428 0.999999 -0.000640 -0.001816 -0.003043 0.000644 0.999995 -0.556628
0.999996 0.000317 0.002789 0.005681 -0.000320 1.000000 0.000752 -0.001530 -0.002789 -0.000753 0.999996 -0.545539
0.999995 -0.001032 0.003148 0.007220 0.001029 0.999999 0.000865 -0.001660 -0.003149 -0.000862 0.999995 -0.533211
0.999996 -0.000350 0.002698 0.004058 0.000346 0.999999 0.001270 -0.000478 -0.002698 -0.001269 0.999996 -0.521543
0.999996 0.001088 0.002502 0.003200 -0.001091 0.999998 0.001400 -0.001953 -0.002500 -0.001403 0.999996 -0.515132
0.999997 -0.001055 0.002243 0.005137 0.001052 0.999998 0.001487 -0.003049 -0.002244 -0.001485 0.999996 -0.505123
0.999998 -0.000796 0.001596 0.004708 0.000794 0.999999 0.001046 -0.004130 -0.001597 -0.001044 0.999998 -0.495143
0.999999 -0.000547 0.001627 0.002812 0.000545 0.999999 0.001516 -0.001343 -0.001628 -0.001515 0.999998 -0.485069
0.999999 -0.000697 0.001086 0.002447 0.000696 0.999999 0.001201 -0.003369 -0.001087 -0.001201 0.999999 -0.490910
1.000000 0.000679 0.000337 0.001166 -0.000680 0.999999 0.000871 -0.002767 -0.000336 -0.000871 1.000000 -0.491274
1.000000 -0.000188 -0.000431 0.000244 0.000188 1.000000 0.000238 -0.003219 0.000431 -0.000238 1.000000 -0.493905
0.999999 -0.001440 -0.000664 0.003186 0.001439 0.999999 -0.000623 -0.006198 0.000665 0.000622 1.000000 -0.503917
0.999999 -0.000575 -0.001199 0.001674 0.000573 0.999999 -0.001309 -0.005813 0.001200 0.001308 0.999998 -0.507551
0.999997 0.001519 -0.001882 0.000112 -0.001517 0.999998 0.000938 -0.004770 0.001883 -0.000935 0.999998 -0.514198
0.999995 0.002609 -0.002026 -0.002646 -0.002602 0.999991 0.003270 -0.003306 0.002035 -0.003265 0.999993 -0.518533
0.999983 0.005501 -0.001947 -0.008980 -0.005492 0.999975 0.004535 -0.002542 0.001972 -0.004525 0.999988 -0.524473
0.999994 0.002389 -0.002331 -0.003378 -0.002377 0.999984 0.005224 -0.012366 0.002344 -0.005218 0.999984 -0.534488
0.999997 -0.001352 -0.002262 0.002773 0.001359 0.999994 0.003111 -0.017355 0.002258 -0.003114 0.999993 -0.543285
0.999998 0.000038 -0.002042 0.000974 -0.000037 1.000000 0.000473 -0.016106 0.002042 -0.000473 0.999998 -0.560120
0.999990 0.004015 -0.001968 -0.005743 -0.004020 0.999989 -0.002496 -0.007295 0.001958 0.002504 0.999995 -0.573554
0.999957 0.009073 -0.001959 -0.014555 -0.009082 0.999950 -0.004293 -0.001163 0.001920 0.004310 0.999989 -0.582849
0.999997 0.001304 -0.002135 -0.004204 -0.001306 0.999999 -0.000596 -0.006262 0.002134 0.000599 0.999998 -0.586929
0.999985 -0.004857 -0.002413 0.005898 0.004864 0.999984 0.002961 -0.011861 0.002399 -0.002973 0.999993 -0.598111
0.999996 -0.002455 -0.001555 0.003715 0.002457 0.999996 0.001611 -0.012552 0.001551 -0.001615 0.999997 -0.610690
0.999987 0.004882 -0.001538 -0.009702 -0.004884 0.999987 -0.001083 -0.011259 0.001533 0.001091 0.999998 -0.628207
0.999988 0.004641 -0.001452 -0.006926 -0.004643 0.999988 -0.001351 -0.010984 0.001446 0.001358 0.999998 -0.630885
0.999998 0.001223 -0.001660 -0.005948 -0.001223 0.999999 0.000253 -0.007546 0.001660 -0.000251 0.999999 -0.649488
0.999990 -0.004012 -0.002128 0.007636 0.004013 0.999992 0.000800 -0.008124 0.002125 -0.000808 0.999997 -0.659696
0.999997 -0.001819 -0.001775 0.004374 0.001823 0.999996 0.002102 -0.010222 0.001771 -0.002105 0.999996 -0.668004
0.999998 -0.001575 -0.001362 0.001360 0.001579 0.999994 0.002957 -0.016273 0.001357 -0.002959 0.999995 -0.678388
0.999997 0.001296 -0.001978 0.002560 -0.001292 0.999996 0.002422 -0.011541 0.001981 -0.002420 0.999995 -0.684455
0.999994 -0.003157 -0.001199 0.004705 0.003155 0.999994 -0.001635 -0.010747 0.001204 0.001631 0.999998 -0.705953
0.999990 -0.004088 -0.001774 0.008349 0.004087 0.999991 -0.000608 -0.009146 0.001777 0.000600 0.999998 -0.711622
0.999997 -0.001139 -0.002073 0.006643 0.001141 0.999999 0.000842 -0.009531 0.002072 -0.000845 0.999997 -0.715042
0.999992 0.003698 -0.001655 -0.003181 -0.003689 0.999978 0.005434 -0.008560 0.001675 -0.005428 0.999984 -0.726994
0.999998 0.001376 -0.001690 -0.000913 -0.001365 0.999980 0.006164 -0.015991 0.001699 -0.006162 0.999980 -0.734968
0.999999 -0.000401 -0.001277 0.002045 0.000406 0.999993 0.003828 -0.019467 0.001276 -0.003828 0.999992 -0.742850
0.999991 0.004062 -0.000846 -0.006881 -0.004064 0.999989 -0.002226 -0.013285 0.000837 0.002229 0.999997 -0.755714
0.999987 0.004904 -0.001249 -0.010246 -0.004911 0.999972 -0.005570 -0.006766 0.001221 0.005576 0.999984 -0.772034
0.999994 0.003297 -0.001395 -0.007544 -0.003301 0.999991 -0.002536 -0.006644 0.001386 0.002540 0.999996 -0.771339
0.999997 0.002146 -0.001193 -0.004188 -0.002145 0.999997 0.000854 -0.009851 0.001195 -0.000851 0.999999 -0.776923
1.000000 0.000434 -0.000706 -0.000751 -0.000433 0.999998 0.001935 -0.012126 0.000707 -0.001935 0.999998 -0.781717
0.999999 0.001055 -0.000531 -0.001720 -0.001054 0.999999 0.001325 -0.012505 0.000532 -0.001324 0.999999 -0.792523
1.000000 0.000395 0.000064 0.001191 -0.000395 0.999999 -0.000947 -0.011426 -0.000065 0.000947 1.000000 -0.810447
0.999999 0.000668 0.000958 0.000333 -0.000667 0.999998 -0.001886 -0.007990 -0.000959 0.001886 0.999998 -0.816402
0.999999 0.000869 0.000865 0.004254 -0.000868 0.999999 -0.001190 -0.008427 -0.000866 0.001190 0.999999 -0.824286
0.999999 0.000223 0.001168 0.005137 -0.000223 1.000000 -0.000510 -0.010500 -0.001168 0.000510 0.999999 -0.825475
0.999999 0.000108 0.001470 0.003303 -0.000105 0.999998 -0.001884 -0.013254 -0.001470 0.001883 0.999997 -0.846508
0.999998 0.000963 0.001774 0.004314 -0.000960 0.999998 -0.001463 -0.008513 -0.001775 0.001461 0.999997 -0.852657
0.999996 0.001887 0.001973 0.001502 -0.001885 0.999998 -0.001153 -0.010023 -0.001975 0.001150 0.999997 -0.858420
0.999998 0.000635 0.001835 0.004634 -0.000634 1.000000 -0.000426 -0.012297 -0.001836 0.000425 0.999998 -0.869618
0.999996 0.001257 0.002547 0.000409 -0.001258 0.999999 0.000484 -0.010908 -0.002546 -0.000487 0.999997 -0.867359
0.999993 0.002311 0.002871 0.000213 -0.002309 0.999997 -0.000819 -0.010620 -0.002873 0.000813 0.999996 -0.874483
0.999994 0.002056 0.002731 -0.000176 -0.002053 0.999997 -0.001052 -0.012663 -0.002733 0.001046 0.999996 -0.880055
0.999995 0.001535 0.002874 0.001911 -0.001533 0.999998 -0.000824 -0.010806 -0.002875 0.000820 0.999996 -0.891351
0.999994 0.001240 0.003098 -0.000210 -0.001243 0.999999 0.000887 -0.012172 -0.003097 -0.000891 0.999995 -0.897032
0.999994 0.001151 0.003122 0.000381 -0.001153 0.999999 0.000766 -0.013078 -0.003121 -0.000770 0.999995 -0.902162
0.999995 -0.000463 0.003085 0.004047 0.000459 0.999999 0.001189 -0.012063 -0.003085 -0.001187 0.999995 -0.909263
0.999992 -0.002514 0.003099 0.005790 0.002510 0.999996 0.001077 -0.013565 -0.003102 -0.001070 0.999995 -0.915424
0.999995 -0.001447 0.002796 0.005758 0.001445 0.999999 0.000853 -0.011344 -0.002797 -0.000848 0.999996 -0.916226
0.999994 -0.002099 0.002647 0.005109 0.002098 0.999998 0.000297 -0.011369 -0.002648 -0.000291 0.999996 -0.923420
0.999998 -0.000106 0.001988 0.003415 0.000109 0.999999 -0.001322 -0.010149 -0.001988 0.001322 0.999997 -0.930812
0.999998 0.000392 0.002088 0.000261 -0.000386 0.999997 -0.002558 -0.008806 -0.002089 0.002558 0.999995 -0.929821
0.999999 0.000098 0.001394 0.000004 -0.000095 0.999997 -0.002598 -0.009089 -0.001395 0.002598 0.999996 -0.939624
0.999997 0.001864 0.001255 -0.004908 -0.001864 0.999998 -0.000210 -0.008492 -0.001256 0.000208 0.999999 -0.934720
0.999998 0.001850 0.000871 -0.004420 -0.001852 0.999995 0.002684 -0.011570 -0.000866 -0.002686 0.999996 -0.935556
0.999999 -0.000517 0.000938 -0.002442 0.000518 1.000000 -0.000813 -0.011991 -0.000937 0.000813 0.999999 -0.934131
0.999997 -0.002388 0.000585 0.004946 0.002389 0.999995 -0.001893 -0.007316 -0.000581 0.001895 0.999998 -0.931393
0.999997 -0.002217 0.000354 0.006173 0.002217 0.999995 -0.002049 -0.005874 -0.000350 0.002050 0.999998 -0.942642
0.999998 -0.001823 0.000514 0.006534 0.001822 0.999998 0.001259 -0.008145 -0.000516 -0.001258 0.999999 -0.927333
1.000000 -0.000331 0.000117 0.004392 0.000331 0.999999 0.001070 -0.010354 -0.000118 -0.001070 0.999999 -0.928160
1.000000 -0.000253 0.000304 0.002909 0.000253 1.000000 0.000466 -0.008654 -0.000304 -0.000466 1.000000 -0.926031
0.999999 -0.001569 0.000421 0.004274 0.001569 0.999999 0.000482 -0.006477 -0.000422 -0.000481 1.000000 -0.918181
1.000000 0.000317 0.000334 0.000082 -0.000318 1.000000 0.000699 -0.006548 -0.000334 -0.000699 1.000000 -0.919587
1.000000 -0.000307 0.000577 0.001692 0.000307 1.000000 -0.000214 -0.008161 -0.000576 0.000214 1.000000 -0.915057
0.999999 0.001136 0.000199 0.002134 -0.001135 0.999998 -0.001550 -0.005981 -0.000201 0.001550 0.999999 -0.917536
0.999999 -0.001111 0.000446 0.005049 0.001110 0.999999 0.001035 -0.005650 -0.000447 -0.001035 0.999999 -0.912268
1.000000 0.000296 0.000080 0.003666 -0.000296 0.999998 0.002184 -0.008207 -0.000079 -0.002184 0.999998 -0.913061
0.999995 0.003131 0.000823 -0.002103 -0.003133 0.999993 0.001797 -0.010191 -0.000817 -0.001799 0.999998 -0.914140
0.999995 0.002989 0.001073 -0.003496 -0.002986 0.999990 -0.003444 -0.009167 -0.001083 0.003440 0.999993 -0.912045
0.999996 0.002099 0.001694 -0.002929 -0.002094 0.999993 -0.002981 -0.002615 -0.001700 0.002977 0.999994 -0.915042
0.999990 0.003956 0.002074 -0.004842 -0.003960 0.999990 0.001984 -0.007048 -0.002066 -0.001992 0.999996 -0.909921
0.999977 0.006076 0.002951 -0.009145 -0.006095 0.999961 0.006383 -0.016728 -0.002912 -0.006400 0.999975 -0.906432
0.999989 0.003368 0.003345 -0.009928 -0.003380 0.999988 0.003430 -0.018838 -0.003333 -0.003442 0.999989 -0.908745
0.999989 0.003242 0.003289 -0.005494 -0.003242 0.999995 0.000221 -0.010632 -0.003288 -0.000232 0.999995 -0.906812
0.999994 0.001421 0.003308 -0.003391 -0.001419 0.999999 -0.000669 -0.008987 -0.003309 0.000664 0.999994 -0.905863
0.999994 0.000913 0.003377 0.001626 -0.000923 0.999996 0.002821 -0.011896 -0.003375 -0.002824 0.999990 -0.909244
0.999993 0.000374 0.003638 -0.000493 -0.000373 1.000000 -0.000100 -0.015172 -0.003638 0.000099 0.999993 -0.906360
0.999993 -0.000370 0.003850 0.002953 0.000384 0.999994 -0.003502 -0.008558 -0.003848 0.003503 0.999986 -0.908210
0.999988 -0.001792 0.004613 0.003745 0.001813 0.999988 -0.004492 -0.005237 -0.004604 0.004501 0.999979 -0.907422
0.999988 -0.001339 0.004779 0.004543 0.001346 0.999998 -0.001452 -0.006695 -0.004777 0.001459 0.999988 -0.909708
0.999984 -0.001696 0.005444 0.004637 0.001700 0.999998 -0.000803 -0.009518 -0.005443 0.000812 0.999985 -0.905776
0.999983 -0.001119 0.005690 0.003479 0.001123 0.999999 -0.000836 -0.007776 -0.005689 0.000842 0.999983 -0.909547
0.999978 -0.000946 0.006512 0.002279 0.000947 1.000000 -0.000118 -0.006945 -0.006512 0.000124 0.999979 -0.905715
0.999972 -0.001113 0.007436 0.002027 0.001104 0.999999 0.001132 -0.008556 -0.007437 -0.001123 0.999972 -0.906642
0.999962 -0.001574 0.008542 0.005232 0.001567 0.999998 0.000909 -0.012447 -0.008543 -0.000895 0.999963 -0.901963
0.999954 -0.001286 0.009471 0.006138 0.001277 0.999999 0.000987 -0.011692 -0.009473 -0.000975 0.999955 -0.909030
0.999952 -0.000856 0.009716 0.007623 0.000852 1.000000 0.000371 -0.013606 -0.009716 -0.000363 0.999953 -0.920000
0.999953 -0.000919 0.009634 0.004374 0.000918 1.000000 0.000134 -0.013398 -0.009634 -0.000125 0.999954 -0.921559
0.999953 -0.001080 0.009608 0.007165 0.001082 0.999999 -0.000188 -0.011820 -0.009608 0.000198 0.999954 -0.916176
0.999956 -0.001358 0.009295 0.006493 0.001360 0.999999 -0.000175 -0.012467 -0.009295 0.000188 0.999957 -0.912660
0.999965 -0.000559 0.008407 0.006907 0.000562 1.000000 -0.000372 -0.011827 -0.008407 0.000377 0.999965 -0.910630
0.999973 -0.001192 0.007254 0.009023 0.001195 0.999999 -0.000307 -0.009408 -0.007254 0.000315 0.999974 -0.904070
0.999981 -0.000927 0.006120 0.007630 0.000926 1.000000 0.000016 -0.012157 -0.006120 -0.000010 0.999981 -0.908035
0.999985 -0.000820 0.005359 0.007204 0.000816 0.999999 0.000840 -0.012125 -0.005359 -0.000836 0.999985 -0.911679
0.999988 -0.000578 0.004916 0.007860 0.000580 1.000000 -0.000378 -0.012182 -0.004915 0.000381 0.999988 -0.912140
0.999988 -0.000846 0.004896 0.004831 0.000846 1.000000 -0.000060 -0.009456 -0.004896 0.000065 0.999988 -0.913350
0.999989 0.000436 0.004590 0.005118 -0.000436 1.000000 -0.000001 -0.009371 -0.004590 -0.000001 0.999989 -0.916735
0.999989 0.000246 0.004776 0.003613 -0.000248 1.000000 0.000437 -0.008505 -0.004776 -0.000439 0.999988 -0.915720
0.999989 0.000219 0.004621 0.005006 -0.000217 1.000000 -0.000418 -0.008199 -0.004621 0.000417 0.999989 -0.917753
0.999989 0.000109 0.004726 0.004547 -0.000102 0.999999 -0.001348 -0.007993 -0.004726 0.001348 0.999988 -0.919178
0.999988 -0.000680 0.004755 0.006056 0.000688 0.999998 -0.001729 -0.007175 -0.004754 0.001732 0.999987 -0.921315
0.999988 0.000850 0.004886 0.003844 -0.000840 0.999997 -0.002154 -0.006898 -0.004888 0.002150 0.999986 -0.920442
0.999988 0.000129 0.004797 0.003420 -0.000119 0.999998 -0.002042 -0.007532 -0.004797 0.002042 0.999986 -0.922621
0.999989 -0.000642 0.004753 0.002860 0.000650 0.999998 -0.001789 -0.007505 -0.004751 0.001792 0.999987 -0.918628
0.999989 -0.000114 0.004638 0.004903 0.000112 1.000000 0.000308 -0.007520 -0.004638 -0.000307 0.999989 -0.912084
0.999985 -0.001437 0.005226 0.005277 0.001420 0.999994 0.003163 -0.008816 -0.005231 -0.003156 0.999981 -0.898465
0.999985 -0.002251 0.004993 0.004701 0.002237 0.999993 0.002846 -0.012080 -0.004999 -0.002835 0.999983 -0.897096
0.999989 -0.000940 0.004644 0.003532 0.000939 1.000000 0.000270 -0.011560 -0.004644 -0.000265 0.999989 -0.897764
0.999991 -0.001682 0.003792 0.004193 0.001698 0.999989 -0.004325 -0.008037 -0.003784 0.004331 0.999983 -0.901108
0.999991 -0.003127 0.002712 0.009182 0.003137 0.999988 -0.003808 -0.004296 -0.002700 0.003817 0.999989 -0.898961
0.999989 -0.004180 0.002022 0.010823 0.004179 0.999991 0.000292 -0.003799 -0.002023 -0.000284 0.999998 -0.883453
0.999993 -0.003494 0.001321 0.013004 0.003488 0.999982 0.004834 -0.011383 -0.001338 -0.004829 0.999987 -0.876379
0.999999 -0.001194 0.001042 0.009337 0.001189 0.999990 0.004279 -0.013912 -0.001047 -0.004278 0.999990 -0.873677
0.999998 -0.001994 0.000772 0.010238 0.001994 0.999998 -0.000054 -0.010283 -0.000772 0.000056 1.000000 -0.875165
0.999996 -0.002822 0.000533 0.013006 0.002824 0.999985 -0.004663 -0.006499 -0.000519 0.004665 0.999989 -0.879637
0.999996 -0.002852 0.000539 0.011925 0.002854 0.999984 -0.004960 -0.002489 -0.000524 0.004962 0.999988 -0.873365
0.999999 -0.001382 0.000151 0.009515 0.001382 0.999996 -0.002275 -0.003745 -0.000147 0.002275 0.999997 -0.864173
1.000000 0.000421 -0.000456 0.004867 -0.000421 1.000000 -0.000341 -0.006944 0.000456 0.000341 1.000000 -0.854881
1.000000 0.000018 -0.000358 0.004526 -0.000018 0.999999 0.001217 -0.008825 0.000358 -0.001217 0.999999 -0.846283
1.000000 -0.000313 -0.000192 0.003430 0.000313 0.999999 0.001077 -0.009524 0.000192 -0.001077 0.999999 -0.844164
0.999981 0.006060 -0.000705 -0.004881 -0.006061 0.999980 -0.002041 -0.010503 0.000693 0.002045 0.999998 -0.851938
0.999999 0.001304 0.000068 -0.003040 -0.001304 0.999998 -0.001164 -0.008447 -0.000069 0.001164 0.999999 -0.853670
1.000000 -0.000586 -0.000496 0.001870 0.000588 0.999997 0.002529 -0.004129 0.000495 -0.002529 0.999997 -0.846026
0.999998 0.002185 -0.000117 0.000039 -0.002184 0.999982 0.005504 -0.013676 0.000129 -0.005504 0.999985 -0.848276
1.000000 0.000858 0.000007 -0.001066 -0.000858 0.999987 0.005058 -0.019700 -0.000003 -0.005058 0.999987 -0.844280
0.999999 -0.001599 -0.000511 0.004187 0.001598 0.999998 -0.001295 -0.012456 0.000513 0.001294 0.999999 -0.852440
1.000000 0.000318 -0.000033 0.002120 -0.000318 0.999994 -0.003316 -0.009487 0.000032 0.003316 0.999995 -0.866388
1.000000 -0.000986 -0.000071 0.005191 0.000986 0.999999 -0.000466 -0.009319 0.000072 0.000465 1.000000 -0.868453
1.000000 0.000077 0.000024 0.005368 -0.000077 0.999999 0.001717 -0.011006 -0.000024 -0.001717 0.999999 -0.871227
0.999999 0.001492 0.000390 0.002292 -0.001493 0.999992 0.003833 -0.015558 -0.000384 -0.003834 0.999993 -0.873294
1.000000 0.000614 0.000303 0.004072 -0.000614 0.999999 0.001483 -0.015202 -0.000302 -0.001483 0.999999 -0.882243
1.000000 -0.000120 0.000110 0.005219 0.000120 0.999999 -0.001374 -0.013250 -0.000110 0.001374 0.999999 -0.896782
0.999999 0.001069 0.000316 0.005573 -0.001068 0.999995 -0.002807 -0.007734 -0.000319 0.002807 0.999996 -0.907866
0.999997 0.002426 0.000312 0.002967 -0.002427 0.999997 0.000448 -0.008759 -0.000311 -0.000449 1.000000 -0.907432
0.999990 0.004471 0.000436 0.000879 -0.004472 0.999989 0.001593 -0.012682 -0.000429 -0.001595 0.999999 -0.921642
0.999993 0.003783 0.000554 -0.000209 -0.003784 0.999992 0.001095 -0.014373 -0.000550 -0.001097 0.999999 -0.920903
0.999997 0.002237 0.001133 0.001393 -0.002236 0.999997 -0.001028 -0.012418 -0.001135 0.001025 0.999999 -0.925096
0.999983 0.005740 0.001292 -0.004328 -0.005741 0.999983 0.000965 -0.010358 -0.001286 -0.000972 0.999999 -0.923254
0.999989 0.004485 0.001149 -0.004502 -0.004485 0.999990 -0.000257 -0.012030 -0.001150 0.000252 0.999999 -0.924425
0.999997 -0.002549 0.000629 0.006909 0.002551 0.999991 -0.003279 -0.013682 -0.000621 0.003281 0.999994 -0.931766
0.999995 -0.003081 0.000425 0.010367 0.003083 0.999975 -0.006330 -0.007690 -0.000405 0.006331 0.999980 -0.926817
0.999999 0.000535 0.000998 0.000966 -0.000531 0.999993 -0.003681 -0.006461 -0.001000 0.003680 0.999993 -0.922913
1.000000 -0.000016 0.000470 0.003195 0.000015 0.999999 0.001571 -0.006191 -0.000470 -0.001571 0.999999 -0.917329
1.000000 0.000708 0.000359 0.005202 -0.000709 0.999996 0.002835 -0.010516 -0.000357 -0.002835 0.999996 -0.903046
0.999999 0.001269 0.001019 0.001065 -0.001271 0.999996 0.002511 -0.012099 -0.001016 -0.002512 0.999996 -0.906517
0.999998 0.001758 0.000824 -0.001665 -0.001757 0.999998 -0.001101 -0.009616 -0.000826 0.001099 0.999999 -0.914050
0.999998 0.001901 0.000569 -0.001619 -0.001899 0.999996 -0.002194 -0.004918 -0.000574 0.002193 0.999997 -0.908064
1.000000 -0.000731 0.000414 0.002319 0.000732 0.999998 -0.001619 -0.004298 -0.000412 0.001619 0.999999 -0.892597
0.999999 -0.001411 -0.000161 0.005492 0.001411 0.999999 0.000435 -0.003595 0.000161 -0.000436 1.000000 -0.880330
1.000000 -0.000497 -0.000128 0.003349 0.000497 1.000000 -0.000180 -0.004684 0.000128 0.000180 1.000000 -0.872034
0.999999 0.000918 -0.000543 0.000103 -0.000919 0.999999 -0.001447 -0.005102 0.000542 0.001448 0.999999 -0.866031
0.999999 0.000778 -0.000871 0.001635 -0.000780 0.999997 -0.002455 -0.002365 0.000869 0.002456 0.999997 -0.855057
0.999999 -0.000629 -0.000959 0.003674 0.000628 0.999998 -0.001859 -0.000529 0.000960 0.001858 0.999998 -0.843748
0.999999 0.000655 -0.001338 0.004110 -0.000655 1.000000 -0.000206 -0.001790 0.001338 0.000206 0.999999 -0.831731
0.999998 0.001450 -0.001328 0.002366 -0.001447 0.999996 0.002323 -0.005397 0.001332 -0.002321 0.999996 -0.816060
0.999999 -0.000627 -0.001280 0.002895 0.000633 0.999989 0.004637 -0.006614 0.001277 -0.004638 0.999988 -0.808259
0.999997 -0.002233 -0.001282 0.006878 0.002239 0.999983 0.005334 -0.006252 0.001270 -0.005337 0.999985 -0.797296
0.999999 -0.000958 -0.001236 0.004074 0.000963 0.999990 0.004374 -0.010380 0.001232 -0.004375 0.999990 -0.796258
0.999999 -0.000110 -0.001071 0.003336 0.000111 0.999999 0.001175 -0.010220 0.001071 -0.001175 0.999999 -0.788922
0.999998 -0.000944 -0.001528 0.004583 0.000937 0.999991 -0.004197 -0.005546 0.001532 0.004195 0.999990 -0.793258
0.999999 -0.000137 -0.001229 0.004290 0.000131 0.999989 -0.004777 -0.001233 0.001229 0.004776 0.999988 -0.788011
0.999999 0.001441 -0.000890 0.001866 -0.001443 0.999998 -0.001419 -0.002461 0.000888 0.001420 0.999999 -0.773992
0.999998 0.001809 -0.000850 0.001436 -0.001808 0.999998 0.001216 -0.003536 0.000852 -0.001215 0.999999 -0.771349
1.000000 -0.000234 -0.000271 0.004386 0.000234 0.999998 0.001921 -0.006665 0.000271 -0.001921 0.999998 -0.763477
1.000000 0.000253 -0.000183 0.003880 -0.000253 0.999999 0.001291 -0.007274 0.000184 -0.001290 0.999999 -0.767965
0.999998 0.002097 -0.000239 0.001760 -0.002097 0.999997 0.000807 -0.005346 0.000241 -0.000807 1.000000 -0.771057
1.000000 0.000805 0.000086 0.000850 -0.000806 0.999999 0.000987 -0.004712 -0.000085 -0.000987 1.000000 -0.762878
0.999999 0.001464 -0.000201 0.002918 -0.001464 0.999998 0.001599 -0.004582 0.000203 -0.001599 0.999999 -0.763525
0.999999 -0.001435 0.000149 0.005869 0.001435 0.999998 0.001370 -0.008661 -0.000151 -0.001370 0.999999 -0.765877
1.000000 0.000849 -0.000195 0.003726 -0.000849 1.000000 0.000242 -0.007956 0.000196 -0.000242 1.000000 -0.769810
1.000000 -0.000155 0.000421 0.002740 0.000156 0.999999 -0.001165 -0.006824 -0.000421 0.001166 0.999999 -0.769274
0.999999 0.001004 0.000886 0.001187 -0.001003 0.999998 -0.001548 -0.004479 -0.000888 0.001547 0.999998 -0.771970
0.999999 0.000607 0.001412 0.001681 -0.000604 0.999998 -0.001661 -0.004490 -0.001413 0.001660 0.999998 -0.769288
0.999998 0.000654 0.001611 0.002572 -0.000651 0.999998 -0.001980 -0.003844 -0.001612 0.001979 0.999997 -0.767547
0.999998 0.000247 0.001937 0.001904 -0.000244 0.999999 -0.001341 -0.001416 -0.001938 0.001340 0.999997 -0.756442
0.999997 -0.001148 0.002241 0.002349 0.001147 0.999999 0.000354 -0.001415 -0.002241 -0.000351 0.999997 -0.746027
0.999996 -0.001470 0.002222 0.004406 0.001468 0.999998 0.001095 -0.003856 -0.002223 -0.001092 0.999997 -0.731630
0.999998 -0.000178 0.002040 0.004244 0.000177 1.000000 0.000628 -0.004954 -0.002041 -0.000627 0.999998 -0.727211
0.999997 -0.000923 0.002075 0.003086 0.000924 0.999999 -0.000469 -0.003782 -0.002075 0.000471 0.999998 -0.717700
0.999998 -0.000993 0.001521 0.004314 0.000995 0.999999 -0.001286 -0.000324 -0.001519 0.001288 0.999998 -0.706501
0.999999 -0.000779 0.001150 0.005009 0.000781 0.999998 -0.001596 0.000081 -0.001148 0.001597 0.999998 -0.697560
0.999999 -0.000345 0.001265 0.005499 0.000345 1.000000 -0.000543 -0.001336 -0.001265 0.000543 0.999999 -0.681289
0.999999 -0.000291 0.001060 0.006437 0.000291 1.000000 -0.000008 -0.000849 -0.001060 0.000009 0.999999 -0.666643
0.999999 0.000397 0.001112 0.001726 -0.000397 1.000000 0.000116 -0.003151 -0.001112 -0.000116 0.999999 -0.663559
0.999999 0.000650 0.001361 0.001967 -0.000650 1.000000 -0.000009 -0.004527 -0.001361 0.000008 0.999999 -0.648593
0.999998 0.001284 0.001163 0.000455 -0.001284 0.999999 -0.000114 -0.004882 -0.001163 0.000113 0.999999 -0.639957
0.999999 -0.000268 0.001261 0.000892 0.000268 1.000000 0.000477 -0.005967 -0.001261 -0.000477 0.999999 -0.631045
0.999999 -0.001023 0.001282 0.004497 0.001022 0.999999 0.000383 -0.003558 -0.001282 -0.000381 0.999999 -0.616361
0.999999 -0.000730 0.001184 0.004197 0.000729 1.000000 0.000239 -0.002061 -0.001184 -0.000238 0.999999 -0.603931
0.999999 -0.000063 0.001061 0.004023 0.000063 1.000000 0.000006 -0.002675 -0.001061 -0.000006 0.999999 -0.594131
0.999999 -0.000147 0.001005 0.002094 0.000147 1.000000 -0.000001 -0.003174 -0.001005 0.000001 0.999999 -0.581384
0.999999 -0.001313 0.000932 0.003017 0.001313 0.999999 -0.000671 -0.003231 -0.000931 0.000672 0.999999 -0.574034
0.999999 -0.001127 0.000664 0.005560 0.001127 0.999999 -0.001187 -0.000403 -0.000663 0.001188 0.999999 -0.560452
0.999999 -0.000515 0.000882 0.001532 0.000516 0.999999 -0.001035 -0.002439 -0.000881 0.001036 0.999999 -0.555427
0.999999 0.000978 0.000735 0.001478 -0.000978 1.000000 -0.000196 -0.001362 -0.000735 0.000195 1.000000 -0.538078
1.000000 0.000405 0.000711 0.000830 -0.000406 0.999999 0.001369 -0.001684 -0.000710 -0.001369 0.999999 -0.526788
0.999999 -0.001181 0.000709 0.004247 0.001179 0.999995 0.002961 -0.001859 -0.000712 -0.002960 0.999995 -0.514053
0.999999 -0.001233 0.000782 0.004220 0.001231 0.999995 0.002846 -0.004291 -0.000785 -0.002845 0.999996 -0.506055
0.999999 -0.000449 0.001090 0.002051 0.000447 0.999998 0.002025 -0.007464 -0.001091 -0.002025 0.999997 -0.494472
0.999998 0.001844 0.000836 -0.002706 -0.001845 0.999997 0.001378 -0.006914 -0.000834 -0.001380 0.999999 -0.484728
0.999999 0.001046 0.000499 0.000190 -0.001046 0.999999 0.000194 -0.004994 -0.000499 -0.000195 1.000000 -0.467879
1.000000 -0.000080 -0.000702 0.003136 0.000079 0.999999 -0.001506 -0.001025 0.000702 0.001506 0.999999 -0.457038
0.999998 -0.001706 -0.001112 0.005143 0.001704 0.999997 -0.001728 0.001582 0.001115 0.001726 0.999998 -0.443093
0.999999 -0.000404 -0.001285 0.002148 0.000403 0.999999 -0.000919 0.000697 0.001285 0.000919 0.999999 -0.428569
0.999999 -0.000092 -0.001308 0.001085 0.000091 1.000000 -0.000697 -0.001482 0.001308 0.000697 0.999999 -0.413779
0.999999 0.000359 -0.001320 0.001757 -0.000359 1.000000 -0.000383 -0.001238 0.001320 0.000384 0.999999 -0.401021
0.999999 -0.000426 -0.001048 0.003067 0.000425 1.000000 -0.000519 -0.000527 0.001048 0.000519 0.999999 -0.388827
0.999999 0.000093 -0.001150 0.002111 -0.000094 1.000000 -0.000801 -0.002104 0.001150 0.000801 0.999999 -0.382335
0.999999 0.000668 -0.001100 0.003847 -0.000669 1.000000 -0.000677 -0.001886 0.001100 0.000678 0.999999 -0.370962
0.999999 0.000637 -0.001112 0.001034 -0.000638 1.000000 -0.000551 0.002427 0.001112 0.000552 0.999999 -0.354356
0.999999 -0.000728 -0.001141 0.004023 0.000727 1.000000 -0.000482 -0.000377 0.001142 0.000481 0.999999 -0.346267
0.999998 -0.001625 -0.000939 0.004632 0.001625 0.999999 -0.000316 -0.001102 0.000939 0.000315 1.000000 -0.333806
0.999999 -0.001260 -0.000984 0.003515 0.001260 0.999999 -0.000282 -0.001027 0.000985 0.000280 0.999999 -0.322579
0.999999 0.000397 -0.001256 0.001955 -0.000397 1.000000 0.000175 -0.001090 0.001256 -0.000174 0.999999 -0.311348
0.999999 0.000936 -0.001110 -0.000114 -0.000935 0.999999 0.000824 -0.001590 0.001110 -0.000823 0.999999 -0.303591
0.999999 0.000681 -0.000775 0.003351 -0.000680 0.999999 0.001448 -0.002690 0.000776 -0.001447 0.999999 -0.298052
1.000000 0.000076 -0.000598 0.001614 -0.000076 1.000000 0.000603 -0.003271 0.000598 -0.000603 1.000000 -0.295717
1.000000 -0.000220 -0.000350 0.004917 0.000220 1.000000 -0.000613 -0.002486 0.000350 0.000613 1.000000 -0.291749
1.000000 -0.000874 0.000479 0.007288 0.000874 0.999999 -0.000550 -0.003243 -0.000478 0.000550 1.000000 -0.289633
0.999999 -0.000789 0.001045 0.003774 0.000789 1.000000 -0.000292 -0.001230 -0.001045 0.000293 0.999999 -0.283657
0.999998 -0.001167 0.001454 0.002163 0.001167 0.999999 -0.000223 -0.006085 -0.001453 0.000225 0.999999 -0.287881
0.999998 -0.001191 0.001842 0.004919 0.001191 0.999999 -0.000114 -0.002147 -0.001842 0.000117 0.999998 -0.278264
0.999995 -0.000154 0.003004 0.002791 0.000154 1.000000 0.000020 -0.002471 -0.003004 -0.000019 0.999995 -0.279936
0.999991 0.000620 0.004248 0.005282 -0.000621 1.000000 0.000257 -0.001221 -0.004248 -0.000260 0.999991 -0.278565
0.999981 0.000751 0.006197 0.000392 -0.000751 1.000000 -0.000061 -0.001442 -0.006197 0.000057 0.999981 -0.280333
0.999967 -0.000423 0.008077 0.008252 0.000418 1.000000 0.000580 -0.000047 -0.008077 -0.000577 0.999967 -0.283823
0.999950 -0.000674 0.009964 0.009683 0.000667 1.000000 0.000702 -0.004456 -0.009964 -0.000695 0.999950 -0.293505
0.999936 -0.000259 0.011298 0.009747 0.000247 0.999999 0.001066 -0.002471 -0.011299 -0.001063 0.999936 -0.296312
0.999919 0.001299 0.012667 0.007762 -0.001306 0.999999 0.000577 -0.002416 -0.012666 -0.000593 0.999920 -0.303206
0.999878 -0.000576 0.015585 0.010902 0.000574 1.000000 0.000102 -0.004626 -0.015585 -0.000093 0.999879 -0.309968
0.999845 -0.001481 0.017535 0.013505 0.001462 0.999998 0.001130 -0.003786 -0.017536 -0.001104 0.999846 -0.309805
0.999807 -0.002115 0.019539 0.014029 0.002096 0.999997 0.000953 -0.004797 -0.019541 -0.000912 0.999809 -0.316560
0.999780 0.000385 0.020973 0.012717 -0.000437 0.999997 0.002481 -0.007972 -0.020972 -0.002490 0.999777 -0.321377
0.999770 0.000556 0.021440 0.009311 -0.000619 0.999996 0.002929 -0.003670 -0.021439 -0.002942 0.999766 -0.317604
0.999751 0.000979 0.022312 0.009829 -0.001016 0.999998 0.001664 0.000765 -0.022310 -0.001687 0.999750 -0.309039
0.999733 -0.003691 0.022801 0.016872 0.003670 0.999993 0.000980 0.000216 -0.022804 -0.000896 0.999740 -0.309060
0.999853 -0.003827 0.016732 0.011647 0.003777 0.999988 0.002974 -0.005872 -0.016744 -0.002910 0.999856 -0.305162
0.999953 -0.006015 0.007548 0.011790 0.005997 0.999979 0.002426 -0.007208 -0.007563 -0.002381 0.999969 -0.302559
0.999997 -0.002364 -0.000667 0.008134 0.002365 0.999997 0.000755 -0.006824 0.000666 -0.000757 0.999999 -0.296367
0.999986 -0.001820 -0.004992 -0.000405 0.001821 0.999998 0.000195 -0.002976 0.004992 -0.000204 0.999988 -0.286107
0.999940 -0.000625 -0.010897 -0.002030 0.000628 1.000000 0.000293 -0.005406 0.010897 -0.000300 0.999941 -0.278115
0.999877 0.001740 -0.015596 -0.005212 -0.001735 0.999998 0.000336 -0.003318 0.015596 -0.000309 0.999878 -0.271095
0.999848 0.002385 -0.017260 -0.013565 -0.002377 0.999997 0.000484 -0.001610 0.017261 -0.000443 0.999851 -0.263902
0.999783 0.003054 -0.020596 -0.015302 -0.003055 0.999995 -0.000029 -0.002135 0.020595 0.000092 0.999788 -0.259728
0.999746 0.000683 -0.022509 -0.019177 -0.000689 1.000000 -0.000240 0.000016 0.022509 0.000255 0.999747 -0.254943
0.999730 -0.000824 -0.023234 -0.011302 0.000818 1.000000 -0.000260 -0.002946 0.023235 0.000241 0.999730 -0.263868
0.999736 -0.001542 -0.022926 -0.013333 0.001526 0.999999 -0.000712 -0.004112 0.022927 0.000676 0.999737 -0.269188
0.999755 -0.000308 -0.022121 -0.011482 0.000288 1.000000 -0.000935 -0.003833 0.022121 0.000929 0.999755 -0.277505
0.999790 0.002660 -0.020335 -0.015494 -0.002662 0.999996 -0.000096 -0.002149 0.020335 0.000150 0.999793 -0.281698
0.999826 0.003820 -0.018284 -0.016239 -0.003812 0.999993 0.000447 -0.002898 0.018285 -0.000378 0.999833 -0.284310
0.999860 0.001989 -0.016600 -0.013178 -0.001993 0.999998 -0.000270 0.000379 0.016599 0.000303 0.999862 -0.281803
0.999901 -0.001278 -0.014024 -0.009461 0.001272 0.999999 -0.000468 -0.002997 0.014024 0.000451 0.999902 -0.277785
0.999941 -0.000167 -0.010845 -0.007885 0.000147 0.999998 -0.001891 -0.001770 0.010845 0.001889 0.999939 -0.277034
0.999954 0.000742 -0.009588 -0.004901 -0.000768 0.999996 -0.002690 -0.001530 0.009585 0.002697 0.999950 -0.272406
0.999974 0.000832 -0.007222 -0.007521 -0.000842 0.999999 -0.001299 0.001129 0.007220 0.001305 0.999973 -0.259340
0.999997 0.000958 -0.002327 -0.001301 -0.000957 0.999999 0.000336 -0.001719 0.002328 -0.000334 0.999997 -0.251458
0.999996 0.000234 0.002980 -0.002506 -0.000236 1.000000 0.000461 0.000747 -0.002980 -0.000462 0.999995 -0.237594
0.999977 0.001967 0.006486 0.003652 -0.001965 0.999998 -0.000268 -0.004045 -0.006486 0.000255 0.999979 -0.233194
0.999945 0.002830 0.010068 0.005622 -0.002822 0.999996 -0.000800 -0.001064 -0.010070 0.000771 0.999949 -0.223939
0.999917 -0.000606 0.012882 0.007016 0.000617 0.999999 -0.000839 -0.000977 -0.012882 0.000847 0.999917 -0.211955
0.999885 -0.004491 0.014515 0.019704 0.004483 0.999990 0.000530 -0.001035 -0.014517 -0.000464 0.999895 -0.200386
0.999877 -0.003980 0.015197 0.018067 0.003965 0.999992 0.001049 0.001064 -0.015201 -0.000989 0.999884 -0.188482
0.999877 -0.002326 0.015482 0.016252 0.002333 0.999997 -0.000447 -0.000765 -0.015481 0.000483 0.999880 -0.181189
0.999873 -0.000770 0.015904 0.013534 0.000809 0.999997 -0.002431 -0.001081 -0.015902 0.002444 0.999871 -0.172561
0.999868 0.002759 0.016010 0.009101 -0.002744 0.999996 -0.000958 -0.002196 -0.016012 0.000914 0.999871 -0.160431
0.999808 0.011074 0.016195 -0.002269 -0.011131 0.999932 0.003448 0.001290 -0.016156 -0.003628 0.999863 -0.141934
0.999829 0.005854 0.017526 0.002033 -0.005956 0.999966 0.005781 0.000062 -0.017492 -0.005885 0.999830 -0.130056
0.999853 -0.000821 0.017109 0.015468 0.000785 0.999997 0.002149 -0.002170 -0.017111 -0.002135 0.999851 -0.127738
0.999842 -0.006926 0.016360 0.025023 0.006948 0.999975 -0.001268 -0.003142 -0.016351 0.001382 0.999865 -0.125570
0.999861 -0.004938 0.015932 0.020781 0.004975 0.999985 -0.002280 -0.004155 -0.015920 0.002359 0.999870 -0.120902
0.999886 -0.001436 0.015011 0.013687 0.001458 0.999998 -0.001414 -0.001672 -0.015009 0.001435 0.999886 -0.113341
0.999904 0.000939 0.013822 0.010314 -0.000930 0.999999 -0.000684 -0.002534 -0.013823 0.000671 0.999904 -0.108376
0.999904 0.000493 0.013839 0.010183 -0.000489 1.000000 -0.000309 -0.001748 -0.013839 0.000302 0.999904 -0.101964
0.999914 0.000518 0.013071 0.010954 -0.000519 1.000000 0.000022 -0.003107 -0.013071 -0.000028 0.999915 -0.097965
0.999924 0.001305 0.012269 0.009254 -0.001296 0.999999 -0.000684 -0.003164 -0.012269 0.000668 0.999925 -0.093069
0.999936 0.001500 0.011204 0.007426 -0.001482 0.999998 -0.001634 -0.002180 -0.011207 0.001617 0.999936 -0.090079
0.999958 -0.001564 0.009055 0.009458 0.001569 0.999999 -0.000522 0.000190 -0.009055 0.000536 0.999959 -0.081483
0.999937 -0.005978 0.009486 0.017484 0.005967 0.999981 0.001208 0.002130 -0.009493 -0.001152 0.999954 -0.069061
0.999894 -0.008770 0.011596 0.020953 0.008742 0.999959 0.002438 0.003389 -0.011617 -0.002337 0.999930 -0.057001
0.999949 -0.006047 0.008084 0.015878 0.006031 0.999980 0.001961 0.001070 -0.008096 -0.001913 0.999965 -0.053240
0.999983 0.000796 0.005738 0.005800 -0.000794 1.000000 -0.000474 -0.000275 -0.005738 0.000470 0.999983 -0.054064
0.999959 0.005161 0.007453 -0.002261 -0.005142 0.999983 -0.002570 -0.001677 -0.007466 0.002532 0.999969 -0.055052
0.999970 0.005234 0.005740 -0.002036 -0.005220 0.999983 -0.002451 -0.002322 -0.005753 0.002421 0.999981 -0.054472
0.999989 0.001008 0.004612 0.004451 -0.001001 0.999998 -0.001491 -0.000917 -0.004613 0.001486 0.999988 -0.049400
0.999971 -0.003422 0.006752 0.010352 0.003425 0.999994 -0.000514 -0.000213 -0.006750 0.000537 0.999977 -0.043512
0.999970 -0.004729 0.006087 0.011759 0.004727 0.999989 0.000301 -0.000347 -0.006088 -0.000272 0.999981 -0.037959
0.999985 -0.003566 0.004239 0.009701 0.003563 0.999993 0.000757 -0.000682 -0.004242 -0.000742 0.999991 -0.034932
